60.50 59.50
121.00 1368.60
181.50 1190.08
242.00 1547.11
302.50 1487.60
363.00 1487.60
423.50 1547.11
484.00 1368.60
544.50 1606.61
605.00 1428.10
665.50 1309.09
726.00 1606.61
786.50 1309.09
847.00 1487.60
907.50 1487.60
968.00 1487.60
1028.50 1666.12
1089.00 1904.13
1149.50 1785.12
1210.00 1904.13
1270.50 1725.62
1331.00 1606.61
1391.50 1666.12
1452.00 1547.11
1512.50 1666.12
1573.00 1725.62
1633.50 1963.64
1694.00 1606.61
1754.50 1844.63
1815.00 2082.64
1875.50 1785.12
1936.00 1904.13
1996.50 2082.64
2057.00 1904.13
2117.50 1606.61
2178.00 2023.14
2238.50 1666.12
2299.00 1963.64
2359.50 1666.12
2420.00 1904.13
2480.50 1904.13
2541.00 1547.11
2601.50 1904.13
2662.00 1904.13
2722.50 1844.63
2783.00 1844.63
2843.50 1725.62
2904.00 1725.62
2964.50 2023.14
3025.00 1963.64
3085.50 2082.64
3146.00 1785.12
3206.50 1725.62
3267.00 1785.12
3327.50 1904.13
3388.00 1785.12
3448.50 1725.62
3509.00 1725.62
3569.50 2082.64
3630.00 1785.12
3690.50 1725.62
3751.00 1963.64
3811.50 1666.12
3872.00 2023.14
3932.50 1666.12
3993.00 1606.61
4053.50 1904.13
4114.00 1963.64
4174.50 1844.63
4235.00 1666.12
4295.50 1606.61
4356.00 1487.60
4416.50 1904.13
4477.00 1904.13
4537.50 1368.60
4598.00 1725.62
4658.50 1606.61
4719.00 1428.10
4779.50 1487.60
4840.00 1725.62
4900.50 1130.58
4961.00 2023.14
5021.50 1844.63
5082.00 1904.13
5142.50 1785.12
5203.00 1487.60
5263.50 1071.07
5324.00 1844.63
5384.50 2023.14
5445.00 1785.12
5505.50 1190.08
5566.00 1309.09
5626.50 1666.12
5687.00 1963.64
5747.50 1785.12
5808.00 1368.60
5868.50 1071.07
5929.00 1368.60
5989.50 952.07
6050.00 1368.60
6110.50 1428.10
6171.00 1666.12
6231.50 1666.12
6292.00 1368.60
6352.50 1606.61
6413.00 1725.62
6473.50 1725.62
6534.00 1666.12
6594.50 1368.60
6655.00 1547.11
6715.50 1249.59
6776.00 1547.11
6836.50 1249.59
6897.00 1428.10
6957.50 1606.61
7018.00 1487.60
7078.50 1606.61
7139.00 1309.09
7199.50 1606.61
7260.00 1547.11
7320.50 1190.08
7381.00 1309.09
7441.50 1487.60
7502.00 1130.58
7562.50 1487.60
7623.00 1130.58
7683.50 1368.60
7744.00 1071.07
7804.50 654.55
7865.00 1249.59
7925.50 1071.07
7986.00 1071.07
8046.50 833.06
8107.00 892.56
8167.50 833.06
8228.00 1071.07
8288.50 1190.08
8349.00 1606.61
8409.50 1309.09
8470.00 1190.08
8530.50 1190.08
8591.00 1190.08
8651.50 1487.60
8712.00 1309.09
8772.50 1249.59
8833.00 1249.59
8893.50 1249.59
8954.00 1368.60
9014.50 833.06
9075.00 1249.59
9135.50 1428.10
9196.00 1190.08
9256.50 1487.60
9317.00 1487.60
9377.50 1725.62
9438.00 1666.12
9498.50 1428.10
9559.00 1428.10
9619.50 1487.60
9680.00 1547.11
9740.50 1547.11
9801.00 1547.11
9861.50 1428.10
9922.00 1666.12
9982.50 1785.12
10043.00 1428.10
10103.50 1309.09
10164.00 1487.60
10224.50 1011.57
10285.00 1368.60
10345.50 1249.59
10406.00 1011.57
10466.50 1190.08
10527.00 1368.60
10587.50 1071.07
10648.00 1368.60
10708.50 1130.58
10769.00 1309.09
10829.50 1487.60
10890.00 1606.61
10950.50 1130.58
11011.00 1487.60
11071.50 1606.61
11132.00 1725.62
11192.50 1249.59
11253.00 1904.13
11313.50 1666.12
11374.00 1547.11
11434.50 1844.63
11495.00 1666.12
11555.50 1249.59
11616.00 1428.10
11676.50 1547.11
11737.00 1547.11
11797.50 1606.61
11858.00 1071.07
11918.50 1130.58
11979.00 1190.08
12039.50 1487.60
12100.00 1309.09
12160.50 1428.10
12221.00 1368.60
12281.50 1368.60
12342.00 1368.60
12402.50 1547.11
12463.00 1487.60
12523.50 1666.12
12584.00 1844.63
12644.50 1785.12
12705.00 1428.10
12765.50 1904.13
12826.00 1428.10
12886.50 1785.12
12947.00 1725.62
13007.50 1547.11
13068.00 1487.60
13128.50 1547.11
13189.00 1190.08
13249.50 1547.11
13310.00 1190.08
13370.50 1249.59
13431.00 1249.59
13491.50 1309.09
13552.00 1368.60
13612.50 1606.61
13673.00 1428.10
13733.50 1666.12
13794.00 1368.60
13854.50 1487.60
13915.00 1725.62
13975.50 1547.11
14036.00 1666.12
14096.50 1785.12
14157.00 1785.12
14217.50 1666.12
14278.00 1487.60
14338.50 1368.60
14399.00 1666.12
14459.50 1606.61
14520.00 1368.60
14580.50 1547.11
14641.00 1428.10
14701.50 1606.61
14762.00 1487.60
14822.50 1428.10
14883.00 1249.59
14943.50 1428.10
15004.00 1547.11
15064.50 1547.11
15125.00 1547.11
15185.50 1666.12
15246.00 1547.11
15306.50 1190.08
15367.00 1606.61
15427.50 1428.10
15488.00 1428.10
15548.50 1606.61
15609.00 1547.11
15669.50 1666.12
15730.00 1547.11
15790.50 1547.11
15851.00 1547.11
15911.50 1725.62
15972.00 1487.60
16032.50 1547.11
16093.00 1368.60
16153.50 1785.12
16214.00 1368.60
16274.50 1547.11
16335.00 1666.12
16395.50 1606.61
16456.00 1606.61
16516.50 1606.61
16577.00 1606.61
16637.50 1606.61
16698.00 1368.60
16758.50 1725.62
16819.00 1487.60
16879.50 1368.60
16940.00 1487.60
17000.50 1547.11
17061.00 1547.11
17121.50 1428.10
17182.00 1249.59
17242.50 1725.62
17303.00 1428.10
17363.50 1606.61
17424.00 1368.60
17484.50 1487.60
17545.00 1249.59
17605.50 1606.61
17666.00 1606.61
17726.50 1428.10
17787.00 1547.11
17847.50 1368.60
17908.00 1368.60
17968.50 1249.59
18029.00 1487.60
18089.50 1606.61
18150.00 1428.10
18210.50 1309.09
18271.00 1368.60
18331.50 1071.07
18392.00 1666.12
18452.50 1547.11
18513.00 1309.09
18573.50 1428.10
18634.00 1606.61
18694.50 1249.59
18755.00 1487.60
18815.50 1487.60
18876.00 1368.60
18936.50 1547.11
18997.00 1309.09
19057.50 1606.61
19118.00 1785.12
19178.50 1725.62
19239.00 1606.61
19299.50 1428.10
19360.00 1368.60
19420.50 1487.60
19481.00 1428.10
19541.50 1428.10
19602.00 1249.59
19662.50 1309.09
19723.00 1368.60
19783.50 1368.60
19844.00 1368.60
19904.50 1428.10
19965.00 1844.63
20025.50 1606.61
20086.00 1428.10
20146.50 1725.62
20207.00 1606.61
20267.50 1428.10
20328.00 1428.10
20388.50 1547.11
20449.00 1547.11
20509.50 1428.10
20570.00 1428.10
20630.50 1190.08
20691.00 1547.11
20751.50 1428.10
20812.00 1487.60
20872.50 1368.60
20933.00 1309.09
20993.50 1547.11
21054.00 1725.62
21114.50 1606.61
21175.00 1785.12
21235.50 1368.60
21296.00 1666.12
21356.50 1785.12
21417.00 1487.60
21477.50 1428.10
21538.00 1666.12
21598.50 1666.12
