60.50 178.51
121.00 1249.59
181.50 1606.61
242.00 1785.12
302.50 1606.61
363.00 1606.61
423.50 1725.62
484.00 1606.61
544.50 1666.12
605.00 1606.61
665.50 1785.12
726.00 1844.63
786.50 1904.13
847.00 1844.63
907.50 1963.64
968.00 1547.11
1028.50 1963.64
1089.00 1844.63
1149.50 2023.14
1210.00 1785.12
1270.50 1904.13
1331.00 2023.14
1391.50 1904.13
1452.00 1844.63
1512.50 1844.63
1573.00 1963.64
1633.50 1904.13
1694.00 2023.14
1754.50 1725.62
1815.00 1666.12
1875.50 1666.12
1936.00 1963.64
1996.50 1963.64
2057.00 1725.62
2117.50 1904.13
2178.00 1904.13
2238.50 1547.11
2299.00 1785.12
2359.50 1904.13
2420.00 2023.14
2480.50 2023.14
2541.00 1725.62
2601.50 1487.60
2662.00 2023.14
2722.50 1844.63
2783.00 1785.12
2843.50 2023.14
2904.00 1785.12
2964.50 2082.64
3025.00 1428.10
3085.50 2023.14
3146.00 1963.64
3206.50 1963.64
3267.00 1904.13
3327.50 1487.60
3388.00 2142.15
3448.50 1844.63
3509.00 1904.13
3569.50 1963.64
3630.00 1785.12
3690.50 1844.63
3751.00 1844.63
3811.50 1844.63
3872.00 1785.12
3932.50 1785.12
3993.00 2023.14
4053.50 1785.12
4114.00 1904.13
4174.50 2201.65
4235.00 1904.13
4295.50 1844.63
4356.00 1963.64
4416.50 2023.14
4477.00 1844.63
4537.50 1963.64
4598.00 1844.63
4658.50 1725.62
4719.00 1725.62
4779.50 1725.62
4840.00 1487.60
4900.50 1428.10
4961.00 1309.09
5021.50 1666.12
5082.00 1666.12
5142.50 1368.60
5203.00 1487.60
5263.50 952.07
5324.00 1130.58
5384.50 2142.15
5445.00 2142.15
5505.50 1071.07
5566.00 1725.62
5626.50 1190.08
5687.00 1963.64
5747.50 1606.61
5808.00 1249.59
5868.50 1368.60
5929.00 1368.60
5989.50 1666.12
6050.00 1309.09
6110.50 1666.12
6171.00 1904.13
6231.50 1785.12
6292.00 1666.12
6352.50 1606.61
6413.00 1725.62
6473.50 1666.12
6534.00 1666.12
6594.50 1785.12
6655.00 1547.11
6715.50 1606.61
6776.00 1606.61
6836.50 1785.12
6897.00 1666.12
6957.50 1844.63
7018.00 1785.12
7078.50 1844.63
7139.00 1606.61
7199.50 2023.14
7260.00 1963.64
7320.50 1547.11
7381.00 1428.10
7441.50 1666.12
7502.00 1606.61
7562.50 1547.11
7623.00 1249.59
7683.50 1725.62
7744.00 1249.59
7804.50 1368.60
7865.00 1606.61
7925.50 1071.07
7986.00 1071.07
8046.50 1309.09
8107.00 1011.57
8167.50 1130.58
8228.00 1487.60
8288.50 1428.10
8349.00 1487.60
8409.50 1725.62
8470.00 1844.63
8530.50 1666.12
8591.00 1487.60
8651.50 1785.12
8712.00 1606.61
8772.50 1547.11
8833.00 1428.10
8893.50 1606.61
8954.00 1368.60
9014.50 1547.11
9075.00 1368.60
9135.50 1547.11
9196.00 1785.12
9256.50 1844.63
9317.00 1904.13
9377.50 1844.63
9438.00 1606.61
9498.50 1666.12
9559.00 1844.63
9619.50 1666.12
9680.00 1606.61
9740.50 1785.12
9801.00 1666.12
9861.50 1785.12
9922.00 1785.12
9982.50 1368.60
10043.00 1487.60
10103.50 1368.60
10164.00 1249.59
10224.50 1547.11
10285.00 1606.61
10345.50 1725.62
10406.00 1309.09
10466.50 1428.10
10527.00 1666.12
10587.50 1725.62
10648.00 1666.12
10708.50 1725.62
10769.00 1725.62
10829.50 1666.12
10890.00 1904.13
10950.50 1368.60
11011.00 1725.62
11071.50 1606.61
11132.00 1785.12
11192.50 1725.62
11253.00 2082.64
11313.50 1785.12
11374.00 1785.12
11434.50 2023.14
11495.00 1844.63
11555.50 1725.62
11616.00 1666.12
11676.50 1785.12
11737.00 1547.11
11797.50 1606.61
11858.00 1606.61
11918.50 1428.10
11979.00 1666.12
12039.50 1428.10
12100.00 1725.62
12160.50 1606.61
12221.00 1725.62
12281.50 1606.61
12342.00 1606.61
12402.50 1547.11
12463.00 1785.12
12523.50 1844.63
12584.00 1666.12
12644.50 2023.14
12705.00 1666.12
12765.50 1904.13
12826.00 1725.62
12886.50 1606.61
12947.00 2023.14
13007.50 1785.12
13068.00 1666.12
13128.50 1606.61
13189.00 1606.61
13249.50 1547.11
13310.00 1249.59
13370.50 1666.12
13431.00 1606.61
13491.50 1725.62
13552.00 1249.59
13612.50 1666.12
13673.00 1309.09
13733.50 1844.63
13794.00 1725.62
13854.50 1844.63
13915.00 1963.64
13975.50 1666.12
14036.00 1725.62
14096.50 1963.64
14157.00 1785.12
14217.50 1606.61
14278.00 1666.12
14338.50 1547.11
14399.00 1487.60
14459.50 1428.10
14520.00 1666.12
14580.50 1725.62
14641.00 1606.61
14701.50 1606.61
14762.00 1844.63
14822.50 1487.60
14883.00 1844.63
14943.50 1547.11
15004.00 1785.12
15064.50 1547.11
15125.00 1547.11
15185.50 1487.60
15246.00 1487.60
15306.50 1785.12
15367.00 1666.12
15427.50 1785.12
15488.00 1606.61
15548.50 1725.62
15609.00 1547.11
15669.50 1844.63
15730.00 1547.11
15790.50 1785.12
15851.00 1666.12
15911.50 2023.14
15972.00 1666.12
16032.50 1904.13
16093.00 1606.61
16153.50 1785.12
16214.00 1666.12
16274.50 1844.63
16335.00 1547.11
16395.50 1666.12
16456.00 1904.13
16516.50 1487.60
16577.00 1725.62
16637.50 1844.63
16698.00 1487.60
16758.50 1725.62
16819.00 1844.63
16879.50 1844.63
16940.00 1606.61
17000.50 1606.61
17061.00 1309.09
17121.50 1487.60
17182.00 1190.08
17242.50 1785.12
17303.00 1725.62
17363.50 1666.12
17424.00 1666.12
17484.50 1785.12
17545.00 1487.60
17605.50 1666.12
17666.00 1725.62
17726.50 1785.12
17787.00 1666.12
17847.50 1666.12
17908.00 1487.60
17968.50 1309.09
18029.00 1666.12
18089.50 1666.12
18150.00 1666.12
18210.50 1606.61
18271.00 1785.12
18331.50 1547.11
18392.00 1785.12
18452.50 1666.12
18513.00 1547.11
18573.50 1606.61
18634.00 1725.62
18694.50 1963.64
18755.00 1606.61
18815.50 1547.11
18876.00 1547.11
18936.50 1666.12
18997.00 1666.12
19057.50 1963.64
19118.00 1904.13
19178.50 1666.12
19239.00 1785.12
19299.50 1547.11
19360.00 1309.09
19420.50 1666.12
19481.00 1666.12
19541.50 1547.11
19602.00 1666.12
19662.50 1547.11
19723.00 1725.62
19783.50 1547.11
19844.00 1606.61
19904.50 1666.12
19965.00 2023.14
20025.50 1785.12
20086.00 1725.62
20146.50 1963.64
20207.00 1547.11
20267.50 1547.11
20328.00 1725.62
20388.50 1487.60
20449.00 1844.63
20509.50 1606.61
20570.00 1547.11
20630.50 1547.11
20691.00 1904.13
20751.50 1487.60
20812.00 1963.64
20872.50 1725.62
20933.00 1547.11
20993.50 1725.62
21054.00 1904.13
21114.50 1844.63
21175.00 1547.11
21235.50 1666.12
21296.00 1666.12
21356.50 2142.15
21417.00 1606.61
21477.50 1785.12
21538.00 1428.10
21598.50 1904.13
