60.50 178.51
121.00 892.56
181.50 892.56
242.00 1249.59
302.50 1190.08
363.00 1190.08
423.50 1011.57
484.00 1071.07
544.50 1547.11
605.00 892.56
665.50 1071.07
726.00 1249.59
786.50 1130.58
847.00 1309.09
907.50 1368.60
968.00 1011.57
1028.50 1428.10
1089.00 1190.08
1149.50 1190.08
1210.00 1071.07
1270.50 892.56
1331.00 1309.09
1391.50 1428.10
1452.00 1249.59
1512.50 1249.59
1573.00 1309.09
1633.50 1368.60
1694.00 952.07
1754.50 714.05
1815.00 892.56
1875.50 1963.64
1936.00 1547.11
1996.50 892.56
2057.00 1725.62
2117.50 1309.09
2178.00 1249.59
2238.50 1130.58
2299.00 1368.60
2359.50 1249.59
2420.00 952.07
2480.50 1011.57
2541.00 1309.09
2601.50 1606.61
2662.00 714.05
2722.50 1666.12
2783.00 1309.09
2843.50 773.55
2904.00 952.07
2964.50 1309.09
3025.00 833.06
3085.50 1249.59
3146.00 1487.60
3206.50 1368.60
3267.00 1309.09
3327.50 1130.58
3388.00 1249.59
3448.50 1249.59
3509.00 1309.09
3569.50 1487.60
3630.00 1249.59
3690.50 1368.60
3751.00 1190.08
3811.50 1190.08
3872.00 1428.10
3932.50 1249.59
3993.00 1487.60
4053.50 1368.60
4114.00 1368.60
4174.50 1249.59
4235.00 1309.09
4295.50 1547.11
4356.00 1428.10
4416.50 892.56
4477.00 1249.59
4537.50 1309.09
4598.00 1725.62
4658.50 833.06
4719.00 1190.08
4779.50 1071.07
4840.00 1130.58
4900.50 1309.09
4961.00 892.56
5021.50 595.04
5082.00 773.55
5142.50 1249.59
5203.00 1130.58
5263.50 1190.08
5324.00 1606.61
5384.50 1368.60
5445.00 1190.08
5505.50 773.55
5566.00 476.03
5626.50 1130.58
5687.00 1725.62
5747.50 1130.58
5808.00 892.56
5868.50 892.56
5929.00 892.56
5989.50 1130.58
6050.00 833.06
6110.50 1249.59
6171.00 1011.57
6231.50 1071.07
6292.00 1130.58
6352.50 1190.08
6413.00 1309.09
6473.50 892.56
6534.00 1130.58
6594.50 1190.08
6655.00 1190.08
6715.50 1130.58
6776.00 1249.59
6836.50 892.56
6897.00 1011.57
6957.50 1309.09
7018.00 1130.58
7078.50 1249.59
7139.00 1130.58
7199.50 952.07
7260.00 1130.58
7320.50 1130.58
7381.00 1011.57
7441.50 1071.07
7502.00 952.07
7562.50 833.06
7623.00 714.05
7683.50 714.05
7744.00 892.56
7804.50 833.06
7865.00 1190.08
7925.50 714.05
7986.00 714.05
8046.50 595.04
8107.00 714.05
8167.50 1011.57
8228.00 1190.08
8288.50 1249.59
8349.00 833.06
8409.50 952.07
8470.00 1249.59
8530.50 1071.07
8591.00 1011.57
8651.50 1071.07
8712.00 1011.57
8772.50 892.56
8833.00 654.55
8893.50 773.55
8954.00 1071.07
9014.50 1130.58
9075.00 1011.57
9135.50 1011.57
9196.00 1130.58
9256.50 1190.08
9317.00 1071.07
9377.50 1249.59
9438.00 1249.59
9498.50 1130.58
9559.00 1130.58
9619.50 1249.59
9680.00 1071.07
9740.50 1368.60
9801.00 1249.59
9861.50 1130.58
9922.00 1011.57
9982.50 952.07
10043.00 892.56
10103.50 1071.07
10164.00 892.56
10224.50 1190.08
10285.00 1011.57
10345.50 1071.07
10406.00 892.56
10466.50 1071.07
10527.00 1190.08
10587.50 1190.08
10648.00 1130.58
10708.50 1071.07
10769.00 1071.07
10829.50 892.56
10890.00 1130.58
10950.50 1011.57
11011.00 1071.07
11071.50 952.07
11132.00 952.07
11192.50 773.55
11253.00 1368.60
11313.50 1428.10
11374.00 1130.58
11434.50 1368.60
11495.00 1130.58
11555.50 1190.08
11616.00 833.06
11676.50 1190.08
11737.00 1071.07
11797.50 1130.58
11858.00 952.07
11918.50 1011.57
11979.00 833.06
12039.50 892.56
12100.00 833.06
12160.50 1249.59
12221.00 1130.58
12281.50 1368.60
12342.00 1071.07
12402.50 1309.09
12463.00 1011.57
12523.50 1368.60
12584.00 1309.09
12644.50 1309.09
12705.00 1249.59
12765.50 1249.59
12826.00 1130.58
12886.50 1309.09
12947.00 1071.07
13007.50 1249.59
13068.00 1071.07
13128.50 1190.08
13189.00 952.07
13249.50 1249.59
13310.00 714.05
13370.50 1249.59
13431.00 892.56
13491.50 952.07
13552.00 1071.07
13612.50 1249.59
13673.00 1011.57
13733.50 1190.08
13794.00 892.56
13854.50 1368.60
13915.00 1309.09
13975.50 1368.60
14036.00 1130.58
14096.50 952.07
14157.00 1309.09
14217.50 1071.07
14278.00 952.07
14338.50 1011.57
14399.00 1011.57
14459.50 952.07
14520.00 1071.07
14580.50 1368.60
14641.00 1130.58
14701.50 1190.08
14762.00 1011.57
14822.50 833.06
14883.00 1190.08
14943.50 1071.07
15004.00 892.56
15064.50 1130.58
15125.00 773.55
15185.50 892.56
15246.00 1249.59
15306.50 1309.09
15367.00 1130.58
15427.50 1071.07
15488.00 1071.07
15548.50 1249.59
15609.00 952.07
15669.50 1130.58
15730.00 1249.59
15790.50 1309.09
15851.00 1309.09
15911.50 1368.60
15972.00 1071.07
16032.50 1071.07
16093.00 952.07
16153.50 1190.08
16214.00 1249.59
16274.50 1309.09
16335.00 1071.07
16395.50 1190.08
16456.00 1725.62
16516.50 1011.57
16577.00 1428.10
16637.50 1130.58
16698.00 1071.07
16758.50 1368.60
16819.00 1130.58
16879.50 1130.58
16940.00 1011.57
17000.50 1130.58
17061.00 952.07
17121.50 1309.09
17182.00 1011.57
17242.50 1130.58
17303.00 1190.08
17363.50 1190.08
17424.00 892.56
17484.50 1249.59
17545.00 1071.07
17605.50 952.07
17666.00 1309.09
17726.50 1011.57
17787.00 1011.57
17847.50 892.56
17908.00 1071.07
17968.50 952.07
18029.00 1309.09
18089.50 1071.07
18150.00 1249.59
18210.50 1190.08
18271.00 1071.07
18331.50 1071.07
18392.00 1190.08
18452.50 1309.09
18513.00 952.07
18573.50 1071.07
18634.00 1190.08
18694.50 1071.07
18755.00 1249.59
18815.50 1071.07
18876.00 1011.57
18936.50 1249.59
18997.00 1071.07
19057.50 1249.59
19118.00 1071.07
19178.50 1190.08
19239.00 1368.60
19299.50 1309.09
19360.00 833.06
19420.50 1130.58
19481.00 952.07
19541.50 833.06
19602.00 952.07
19662.50 1071.07
19723.00 952.07
19783.50 892.56
19844.00 1190.08
19904.50 1130.58
19965.00 1190.08
20025.50 1487.60
20086.00 1249.59
20146.50 1249.59
20207.00 1071.07
20267.50 952.07
20328.00 1130.58
20388.50 1130.58
20449.00 952.07
20509.50 1190.08
20570.00 1190.08
20630.50 1011.57
20691.00 1071.07
20751.50 1130.58
20812.00 1368.60
20872.50 1130.58
20933.00 952.07
20993.50 1130.58
21054.00 1190.08
21114.50 1190.08
21175.00 1309.09
21235.50 892.56
21296.00 1309.09
21356.50 1190.08
21417.00 1071.07
21477.50 1071.07
21538.00 1071.07
21598.50 1309.09
