60.50 1.54
121.00 13.83
181.50 17.30
242.00 19.53
302.50 19.32
363.00 16.25
423.50 18.02
484.00 18.67
544.50 19.14
605.00 18.23
665.50 20.04
726.00 20.37
786.50 20.87
847.00 19.21
907.50 21.20
968.00 17.40
1028.50 22.53
1089.00 21.23
1149.50 21.20
1210.00 19.57
1270.50 20.33
1331.00 19.35
1391.50 21.56
1452.00 20.76
1512.50 20.69
1573.00 20.87
1633.50 23.51
1694.00 22.10
1754.50 51.02
1815.00 71.21
1875.50 70.74
1936.00 30.11
1996.50 38.38
2057.00 36.14
2117.50 23.43
2178.00 29.50
2238.50 16.32
2299.00 22.17
2359.50 21.74
2420.00 25.75
2480.50 24.73
2541.00 23.98
2601.50 24.70
2662.00 24.70
2722.50 48.39
2783.00 22.06
2843.50 22.78
2904.00 43.22
2964.50 40.30
3025.00 47.66
3085.50 33.11
3146.00 37.70
3206.50 22.21
3267.00 20.83
3327.50 20.73
3388.00 22.35
3448.50 23.76
3509.00 20.98
3569.50 25.10
3630.00 19.43
3690.50 21.48
3751.00 21.02
3811.50 19.46
3872.00 22.46
3932.50 20.22
3993.00 23.07
4053.50 20.18
4114.00 22.50
4174.50 24.52
4235.00 26.11
4295.50 19.61
4356.00 22.35
4416.50 22.03
4477.00 25.10
4537.50 33.73
4598.00 27.55
4658.50 27.41
4719.00 21.59
4779.50 19.10
4840.00 18.31
4900.50 17.08
4961.00 36.72
5021.50 57.20
5082.00 70.77
5142.50 72.47
5203.00 76.88
5263.50 90.99
5324.00 70.38
5384.50 44.27
5445.00 35.17
5505.50 39.29
5566.00 59.51
5626.50 70.23
5687.00 32.24
5747.50 19.35
5808.00 17.40
5868.50 15.42
5929.00 15.13
5989.50 16.43
6050.00 13.65
6110.50 19.10
6171.00 19.68
6231.50 16.75
6292.00 19.75
6352.50 17.73
6413.00 18.99
6473.50 19.03
6534.00 17.40
6594.50 19.10
6655.00 17.33
6715.50 17.22
6776.00 19.25
6836.50 17.51
6897.00 18.60
6957.50 20.00
7018.00 19.93
7078.50 18.49
7139.00 19.03
7199.50 21.88
7260.00 20.83
7320.50 16.57
7381.00 16.72
7441.50 17.08
7502.00 15.85
7562.50 14.77
7623.00 14.59
7683.50 15.74
7744.00 12.71
7804.50 14.62
7865.00 15.92
7925.50 11.77
7986.00 11.52
8046.50 11.92
8107.00 11.70
8167.50 12.96
8228.00 17.73
8288.50 16.14
8349.00 16.72
8409.50 18.16
8470.00 18.52
8530.50 15.60
8591.00 16.36
8651.50 19.32
8712.00 15.49
8772.50 15.56
8833.00 15.60
8893.50 16.36
8954.00 14.99
9014.50 14.44
9075.00 14.84
9135.50 16.10
9196.00 17.69
9256.50 19.68
9317.00 20.69
9377.50 18.78
9438.00 17.62
9498.50 18.34
9559.00 19.17
9619.50 18.56
9680.00 15.17
9740.50 20.47
9801.00 17.55
9861.50 18.34
9922.00 17.44
9982.50 17.98
10043.00 15.49
10103.50 16.61
10164.00 15.17
10224.50 17.66
10285.00 15.78
10345.50 17.22
10406.00 12.17
10466.50 16.28
10527.00 17.95
10587.50 18.31
10648.00 17.66
10708.50 17.87
10769.00 17.48
10829.50 17.95
10890.00 19.50
10950.50 16.10
11011.00 18.70
11071.50 18.23
11132.00 20.11
11192.50 16.68
11253.00 23.40
11313.50 20.87
11374.00 19.25
11434.50 22.24
11495.00 19.86
11555.50 17.62
11616.00 16.54
11676.50 21.41
11737.00 17.80
11797.50 17.04
11858.00 16.28
11918.50 15.82
11979.00 15.64
12039.50 16.61
12100.00 16.10
12160.50 18.63
12221.00 19.75
12281.50 18.23
12342.00 17.77
12402.50 18.02
12463.00 19.21
12523.50 22.28
12584.00 20.37
12644.50 21.20
12705.00 19.46
12765.50 22.50
12826.00 18.45
12886.50 19.64
12947.00 21.92
13007.50 17.33
13068.00 18.20
13128.50 18.49
13189.00 16.47
13249.50 18.49
13310.00 11.70
13370.50 17.62
13431.00 16.86
13491.50 17.26
13552.00 14.08
13612.50 18.74
13673.00 16.21
13733.50 19.39
13794.00 17.04
13854.50 19.86
13915.00 22.57
13975.50 18.27
14036.00 20.87
14096.50 22.75
14157.00 20.65
14217.50 19.61
14278.00 17.98
14338.50 17.19
14399.00 16.28
14459.50 14.99
14520.00 17.26
14580.50 19.14
14641.00 17.95
14701.50 18.45
14762.00 17.26
14822.50 15.96
14883.00 20.18
14943.50 17.33
15004.00 17.95
15064.50 18.38
15125.00 16.28
15185.50 14.84
15246.00 17.51
15306.50 18.34
15367.00 19.32
15427.50 17.48
15488.00 18.38
15548.50 18.56
15609.00 17.40
15669.50 18.34
15730.00 19.86
15790.50 16.97
15851.00 18.27
15911.50 22.78
15972.00 18.56
16032.50 20.76
16093.00 16.14
16153.50 20.04
16214.00 19.43
16274.50 19.86
16335.00 19.35
16395.50 17.33
16456.00 22.97
16516.50 16.50
16577.00 21.34
16637.50 18.99
16698.00 18.67
16758.50 20.44
16819.00 18.38
16879.50 20.40
16940.00 17.37
17000.50 17.51
17061.00 15.20
17121.50 14.91
17182.00 15.67
17242.50 18.78
17303.00 19.25
17363.50 18.78
17424.00 18.42
17484.50 16.00
17545.00 16.21
17605.50 18.78
17666.00 19.86
17726.50 18.92
17787.00 18.23
17847.50 17.22
17908.00 17.62
17968.50 12.46
18029.00 18.85
18089.50 18.49
18150.00 18.63
18210.50 18.63
18271.00 17.04
18331.50 16.28
18392.00 20.18
18452.50 17.98
18513.00 16.57
18573.50 18.67
18634.00 17.26
18694.50 18.20
18755.00 18.56
18815.50 16.54
18876.00 16.43
18936.50 18.20
18997.00 18.09
19057.50 20.18
19118.00 23.25
19178.50 19.32
19239.00 20.98
19299.50 17.04
19360.00 15.17
19420.50 18.02
19481.00 16.47
19541.50 14.70
19602.00 17.58
19662.50 15.60
19723.00 18.96
19783.50 16.97
19844.00 16.79
19904.50 18.13
19965.00 21.16
20025.50 19.28
20086.00 20.33
20146.50 21.88
20207.00 18.16
20267.50 15.64
20328.00 19.21
20388.50 16.90
20449.00 16.97
20509.50 18.16
20570.00 17.26
20630.50 15.31
20691.00 20.37
20751.50 17.40
20812.00 20.76
20872.50 16.93
20933.00 17.69
20993.50 17.77
21054.00 21.59
21114.50 20.80
21175.00 18.92
21235.50 16.18
21296.00 22.17
21356.50 22.57
21417.00 16.83
21477.50 20.08
21538.00 16.61
21598.50 20.11
