60.50 2.28
121.00 11.62
181.50 10.00
242.00 14.83
302.50 13.67
363.00 11.15
423.50 11.77
484.00 13.57
544.50 13.46
605.00 11.15
665.50 13.49
726.00 13.24
786.50 12.56
847.00 15.01
907.50 18.14
968.00 13.21
1028.50 16.26
1089.00 17.45
1149.50 15.04
1210.00 15.08
1270.50 19.93
1331.00 14.29
1391.50 14.57
1452.00 16.16
1512.50 14.68
1573.00 16.16
1633.50 27.67
1694.00 53.94
1754.50 55.45
1815.00 60.63
1875.50 43.79
1936.00 43.00
1996.50 63.22
2057.00 30.87
2117.50 25.44
2178.00 24.86
2238.50 16.37
2299.00 18.86
2359.50 21.19
2420.00 36.02
2480.50 50.52
2541.00 24.29
2601.50 25.15
2662.00 47.25
2722.50 24.15
2783.00 30.23
2843.50 63.15
2904.00 64.66
2964.50 59.30
3025.00 45.27
3085.50 63.26
3146.00 35.19
3206.50 21.30
3267.00 16.37
3327.50 13.89
3388.00 18.17
3448.50 14.32
3509.00 17.38
3569.50 24.86
3630.00 16.30
3690.50 17.45
3751.00 15.98
3811.50 12.63
3872.00 17.56
3932.50 16.59
3993.00 17.13
4053.50 20.40
4114.00 18.24
4174.50 29.69
4235.00 23.68
4295.50 17.81
4356.00 18.10
4416.50 21.37
4477.00 27.78
4537.50 50.49
4598.00 29.40
4658.50 27.02
4719.00 17.74
4779.50 16.48
4840.00 13.64
4900.50 18.17
4961.00 35.23
5021.50 56.64
5082.00 61.57
5142.50 49.73
5203.00 61.42
5263.50 80.28
5324.00 57.43
5384.50 46.42
5445.00 62.32
5505.50 32.03
5566.00 54.80
5626.50 54.70
5687.00 36.24
5747.50 14.83
5808.00 13.82
5868.50 11.19
5929.00 13.53
5989.50 15.29
6050.00 9.54
6110.50 11.62
6171.00 12.52
6231.50 11.84
6292.00 14.11
6352.50 13.03
6413.00 16.95
6473.50 11.98
6534.00 13.17
6594.50 12.95
6655.00 13.35
6715.50 13.60
6776.00 11.91
6836.50 8.60
6897.00 10.62
6957.50 11.26
7018.00 12.38
7078.50 13.96
7139.00 13.42
7199.50 16.23
7260.00 17.45
7320.50 10.33
7381.00 10.40
7441.50 11.80
7502.00 10.00
7562.50 8.20
7623.00 8.96
7683.50 8.20
7744.00 8.78
7804.50 10.15
7865.00 11.87
7925.50 7.59
7986.00 8.60
8046.50 5.79
8107.00 6.48
8167.50 8.06
8228.00 9.07
8288.50 11.80
8349.00 8.82
8409.50 11.26
8470.00 9.79
8530.50 11.15
8591.00 12.56
8651.50 14.47
8712.00 9.10
8772.50 9.18
8833.00 8.64
8893.50 8.71
8954.00 8.74
9014.50 9.75
9075.00 10.36
9135.50 11.98
9196.00 14.32
9256.50 13.21
9317.00 12.63
9377.50 13.85
9438.00 13.57
9498.50 12.81
9559.00 14.39
9619.50 15.26
9680.00 11.87
9740.50 14.93
9801.00 12.63
9861.50 12.13
9922.00 12.27
9982.50 11.69
10043.00 8.96
10103.50 10.04
10164.00 7.20
10224.50 9.36
10285.00 11.59
10345.50 9.46
10406.00 10.18
10466.50 9.18
10527.00 11.59
10587.50 11.77
10648.00 11.44
10708.50 12.16
10769.00 12.23
10829.50 11.12
10890.00 10.87
10950.50 11.59
11011.00 10.87
11071.50 9.07
11132.00 13.24
11192.50 12.81
11253.00 15.37
11313.50 16.23
11374.00 15.80
11434.50 16.84
11495.00 13.96
11555.50 11.26
11616.00 10.44
11676.50 16.19
11737.00 10.51
11797.50 11.01
11858.00 9.39
11918.50 10.11
11979.00 11.66
12039.50 9.75
12100.00 9.75
12160.50 11.23
12221.00 11.84
12281.50 13.24
12342.00 11.55
12402.50 13.06
12463.00 11.95
12523.50 15.87
12584.00 15.80
12644.50 13.13
12705.00 14.25
12765.50 15.51
12826.00 14.21
12886.50 13.93
12947.00 14.18
13007.50 14.00
13068.00 12.85
13128.50 11.98
13189.00 10.54
13249.50 13.53
13310.00 9.21
13370.50 13.03
13431.00 9.79
13491.50 10.72
13552.00 8.53
13612.50 13.57
13673.00 8.53
13733.50 13.03
13794.00 10.44
13854.50 12.56
13915.00 18.60
13975.50 17.20
14036.00 11.33
14096.50 37.28
14157.00 25.22
14217.50 15.51
14278.00 12.34
14338.50 12.77
14399.00 14.57
14459.50 12.45
14520.00 11.95
14580.50 12.38
14641.00 12.27
14701.50 11.23
14762.00 12.99
14822.50 10.26
14883.00 11.62
14943.50 9.57
15004.00 12.05
15064.50 11.91
15125.00 10.98
15185.50 11.05
15246.00 12.81
15306.50 13.78
15367.00 12.23
15427.50 14.54
15488.00 12.59
15548.50 11.48
15609.00 9.50
15669.50 12.92
15730.00 11.73
15790.50 17.49
15851.00 19.83
15911.50 22.96
15972.00 13.31
16032.50 13.17
16093.00 9.75
16153.50 15.65
16214.00 13.10
16274.50 14.07
16335.00 12.52
16395.50 14.14
16456.00 15.76
16516.50 12.63
16577.00 17.92
16637.50 11.55
16698.00 13.75
16758.50 14.68
16819.00 10.33
16879.50 11.62
16940.00 9.72
17000.50 12.59
17061.00 9.90
17121.50 13.71
17182.00 10.11
17242.50 11.41
17303.00 14.39
17363.50 13.96
17424.00 11.26
17484.50 14.11
17545.00 10.98
17605.50 9.14
17666.00 15.26
17726.50 13.35
17787.00 10.58
17847.50 12.05
17908.00 11.15
17968.50 10.36
18029.00 13.24
18089.50 14.32
18150.00 12.56
18210.50 13.06
18271.00 11.44
18331.50 10.47
18392.00 13.85
18452.50 14.03
18513.00 11.01
18573.50 11.33
18634.00 11.69
18694.50 12.16
18755.00 14.50
18815.50 10.72
18876.00 9.79
18936.50 13.85
18997.00 16.77
19057.50 14.25
19118.00 16.30
19178.50 13.21
19239.00 14.57
19299.50 14.39
19360.00 7.77
19420.50 10.36
19481.00 12.67
19541.50 9.46
19602.00 10.98
19662.50 10.18
19723.00 11.33
19783.50 11.23
19844.00 12.45
19904.50 12.23
19965.00 13.42
20025.50 15.51
20086.00 15.15
20146.50 15.54
20207.00 12.95
20267.50 8.24
20328.00 12.67
20388.50 12.59
20449.00 12.88
20509.50 12.56
20570.00 11.69
20630.50 10.47
20691.00 11.37
20751.50 11.55
20812.00 15.90
20872.50 11.59
20933.00 13.64
20993.50 11.51
21054.00 14.54
21114.50 14.25
21175.00 14.75
21235.50 12.05
21296.00 16.48
21356.50 18.39
21417.00 10.72
21477.50 12.92
21538.00 10.90
21598.50 15.72
