60.50 1.08
121.00 14.24
181.50 12.39
242.00 15.65
302.50 15.98
363.00 15.87
423.50 15.25
484.00 14.93
544.50 17.18
605.00 14.96
665.50 13.88
726.00 16.60
786.50 15.58
847.00 16.09
907.50 15.83
968.00 15.98
1028.50 17.61
1089.00 21.56
1149.50 19.82
1210.00 18.12
1270.50 18.26
1331.00 18.19
1391.50 18.81
1452.00 18.41
1512.50 19.06
1573.00 19.64
1633.50 21.23
1694.00 19.71
1754.50 24.49
1815.00 25.55
1875.50 21.99
1936.00 23.12
1996.50 24.46
2057.00 28.95
2117.50 18.66
2178.00 22.39
2238.50 16.74
2299.00 21.81
2359.50 18.37
2420.00 22.61
2480.50 20.11
2541.00 17.46
2601.50 21.96
2662.00 21.09
2722.50 21.09
2783.00 18.26
2843.50 18.66
2904.00 20.44
2964.50 25.18
3025.00 25.87
3085.50 24.75
3146.00 33.88
3206.50 18.23
3267.00 21.34
3327.50 21.49
3388.00 19.64
3448.50 18.01
3509.00 18.70
3569.50 22.86
3630.00 19.02
3690.50 17.61
3751.00 21.09
3811.50 18.66
3872.00 21.12
3932.50 18.70
3993.00 16.63
4053.50 20.91
4114.00 20.91
4174.50 20.25
4235.00 20.76
4295.50 16.99
4356.00 16.31
4416.50 23.44
4477.00 22.25
4537.50 40.62
4598.00 25.51
4658.50 18.44
4719.00 14.82
4779.50 17.28
4840.00 17.18
4900.50 11.12
4961.00 25.87
5021.50 29.93
5082.00 46.60
5142.50 61.05
5203.00 65.44
5263.50 82.18
5324.00 60.91
5384.50 40.73
5445.00 23.23
5505.50 30.80
5566.00 43.34
5626.50 51.92
5687.00 26.31
5747.50 17.18
5808.00 14.53
5868.50 9.06
5929.00 13.55
5989.50 8.15
6050.00 12.90
6110.50 15.04
6171.00 18.88
6231.50 16.20
6292.00 14.93
6352.50 16.74
6413.00 17.18
6473.50 18.08
6534.00 15.98
6594.50 13.77
6655.00 15.80
6715.50 13.04
6776.00 16.34
6836.50 13.30
6897.00 15.40
6957.50 15.76
7018.00 17.28
7078.50 17.68
7139.00 12.83
7199.50 16.09
7260.00 15.98
7320.50 13.48
7381.00 14.78
7441.50 14.20
7502.00 11.27
7562.50 16.12
7623.00 11.41
7683.50 12.72
7744.00 10.29
7804.50 8.88
7865.00 11.96
7925.50 9.82
7986.00 8.55
8046.50 6.85
8107.00 8.95
8167.50 7.07
8228.00 13.30
8288.50 11.27
8349.00 15.76
8409.50 13.30
8470.00 12.54
8530.50 11.85
8591.00 12.39
8651.50 15.58
8712.00 13.88
8772.50 12.10
8833.00 14.28
8893.50 11.52
8954.00 14.28
9014.50 7.90
9075.00 13.15
9135.50 14.82
9196.00 11.81
9256.50 14.57
9317.00 16.92
9377.50 17.68
9438.00 17.90
9498.50 13.19
9559.00 15.15
9619.50 15.54
9680.00 14.89
9740.50 16.05
9801.00 14.78
9861.50 15.91
9922.00 16.34
9982.50 17.68
10043.00 15.76
10103.50 12.43
10164.00 14.60
10224.50 9.86
10285.00 12.43
10345.50 12.43
10406.00 9.82
10466.50 12.03
10527.00 13.99
10587.50 11.41
10648.00 12.83
10708.50 14.06
10769.00 13.62
10829.50 16.70
10890.00 16.60
10950.50 14.02
11011.00 15.29
11071.50 16.89
11132.00 15.65
11192.50 13.48
11253.00 20.29
11313.50 19.42
11374.00 17.21
11434.50 21.09
11495.00 17.46
11555.50 11.59
11616.00 15.11
11676.50 17.03
11737.00 15.91
11797.50 16.16
11858.00 9.35
11918.50 11.31
11979.00 11.52
12039.50 15.33
12100.00 12.21
12160.50 14.89
12221.00 13.77
12281.50 13.88
12342.00 14.10
12402.50 17.18
12463.00 16.34
12523.50 19.39
12584.00 20.00
12644.50 18.77
12705.00 16.02
12765.50 20.83
12826.00 15.51
12886.50 18.15
12947.00 19.17
13007.50 15.18
13068.00 16.74
13128.50 16.45
13189.00 11.67
13249.50 15.33
13310.00 12.21
13370.50 13.26
13431.00 13.37
13491.50 12.36
13552.00 13.66
13612.50 17.21
13673.00 15.40
13733.50 17.21
13794.00 14.71
13854.50 16.70
13915.00 18.88
13975.50 15.83
14036.00 17.65
14096.50 18.91
14157.00 18.15
14217.50 18.55
14278.00 16.34
14338.50 14.86
14399.00 15.94
14459.50 15.25
14520.00 14.71
14580.50 15.51
14641.00 15.15
14701.50 16.96
14762.00 14.64
14822.50 15.58
14883.00 14.71
14943.50 14.93
15004.00 16.16
15064.50 16.09
15125.00 15.76
15185.50 16.67
15246.00 16.41
15306.50 13.15
15367.00 16.74
15427.50 15.04
15488.00 14.82
15548.50 15.87
15609.00 15.58
15669.50 16.99
15730.00 16.23
15790.50 16.45
15851.00 16.99
15911.50 18.66
15972.00 13.70
16032.50 16.12
16093.00 15.80
16153.50 19.10
16214.00 14.89
16274.50 16.09
16335.00 18.66
16395.50 17.10
16456.00 16.89
16516.50 16.63
16577.00 18.52
16637.50 16.45
16698.00 15.36
16758.50 19.49
16819.00 15.47
16879.50 16.78
16940.00 16.81
17000.50 16.02
17061.00 17.43
17121.50 14.17
17182.00 14.96
17242.50 16.09
17303.00 16.56
17363.50 15.33
17424.00 15.62
17484.50 15.07
17545.00 14.06
17605.50 17.36
17666.00 16.74
17726.50 14.96
17787.00 16.74
17847.50 13.19
17908.00 15.22
17968.50 12.50
18029.00 16.09
18089.50 17.36
18150.00 16.63
18210.50 13.81
18271.00 16.05
18331.50 11.92
18392.00 17.39
18452.50 14.82
18513.00 13.41
18573.50 14.60
18634.00 14.60
18694.50 13.30
18755.00 16.81
18815.50 14.31
18876.00 14.57
18936.50 17.18
18997.00 13.08
19057.50 18.19
19118.00 19.06
19178.50 17.75
19239.00 16.96
19299.50 16.16
19360.00 14.93
19420.50 15.36
19481.00 15.91
19541.50 13.73
19602.00 13.55
19662.50 14.64
19723.00 15.47
19783.50 15.11
19844.00 13.30
19904.50 16.05
19965.00 18.91
20025.50 17.75
20086.00 17.97
20146.50 17.28
20207.00 15.73
20267.50 14.67
20328.00 15.83
20388.50 15.73
20449.00 16.23
20509.50 15.40
20570.00 15.76
20630.50 12.97
20691.00 14.57
20751.50 17.50
20812.00 14.75
20872.50 15.07
20933.00 13.91
20993.50 14.64
21054.00 18.52
21114.50 15.98
21175.00 18.48
21235.50 14.89
21296.00 19.39
21356.50 18.95
21417.00 15.94
21477.50 15.33
21538.00 17.65
21598.50 17.72
