60.50 59.50
121.00 1249.59
181.50 1309.09
242.00 1190.08
302.50 1309.09
363.00 1130.58
423.50 1249.59
484.00 1368.60
544.50 1249.59
605.00 1547.11
665.50 1547.11
726.00 1249.59
786.50 1487.60
847.00 1428.10
907.50 1725.62
968.00 1606.61
1028.50 1428.10
1089.00 1190.08
1149.50 1785.12
1210.00 1487.60
1270.50 1428.10
1331.00 1309.09
1391.50 1547.11
1452.00 1487.60
1512.50 1428.10
1573.00 1606.61
1633.50 1785.12
1694.00 1904.13
1754.50 1725.62
1815.00 1963.64
1875.50 1487.60
1936.00 1785.12
1996.50 1725.62
2057.00 1963.64
2117.50 1725.62
2178.00 1844.63
2238.50 1368.60
2299.00 1785.12
2359.50 1725.62
2420.00 1725.62
2480.50 1666.12
2541.00 1606.61
2601.50 1844.63
2662.00 1428.10
2722.50 1368.60
2783.00 1725.62
2843.50 1487.60
2904.00 1487.60
2964.50 1963.64
3025.00 1666.12
3085.50 1963.64
3146.00 1963.64
3206.50 1487.60
3267.00 1666.12
3327.50 1666.12
3388.00 1666.12
3448.50 1666.12
3509.00 1547.11
3569.50 1606.61
3630.00 1428.10
3690.50 1606.61
3751.00 1547.11
3811.50 1725.62
3872.00 1487.60
3932.50 1666.12
3993.00 1368.60
4053.50 1606.61
4114.00 1547.11
4174.50 1666.12
4235.00 1606.61
4295.50 1725.62
4356.00 1428.10
4416.50 1666.12
4477.00 1725.62
4537.50 1011.57
4598.00 1785.12
4658.50 1844.63
4719.00 1487.60
4779.50 1249.59
4840.00 1606.61
4900.50 1309.09
4961.00 1666.12
5021.50 1547.11
5082.00 1547.11
5142.50 1190.08
5203.00 1428.10
5263.50 1309.09
5324.00 1606.61
5384.50 2023.14
5445.00 1844.63
5505.50 1428.10
5566.00 1606.61
5626.50 1785.12
5687.00 1725.62
5747.50 1190.08
5808.00 1309.09
5868.50 1071.07
5929.00 714.05
5989.50 654.55
6050.00 892.56
6110.50 773.55
6171.00 1011.57
6231.50 1011.57
6292.00 1309.09
6352.50 1368.60
6413.00 1249.59
6473.50 1190.08
6534.00 1249.59
6594.50 1190.08
6655.00 1368.60
6715.50 1487.60
6776.00 1309.09
6836.50 1487.60
6897.00 1428.10
6957.50 1309.09
7018.00 1368.60
7078.50 1190.08
7139.00 1309.09
7199.50 1071.07
7260.00 1368.60
7320.50 1011.57
7381.00 714.05
7441.50 773.55
7502.00 1190.08
7562.50 773.55
7623.00 1011.57
7683.50 773.55
7744.00 892.56
7804.50 1130.58
7865.00 892.56
7925.50 595.04
7986.00 654.55
8046.50 833.06
8107.00 892.56
8167.50 654.55
8228.00 1011.57
8288.50 952.07
8349.00 833.06
8409.50 1011.57
8470.00 952.07
8530.50 1071.07
8591.00 714.05
8651.50 1071.07
8712.00 1309.09
8772.50 1130.58
8833.00 1190.08
8893.50 773.55
8954.00 1011.57
9014.50 1071.07
9075.00 892.56
9135.50 1547.11
9196.00 1428.10
9256.50 1249.59
9317.00 1130.58
9377.50 1190.08
9438.00 1368.60
9498.50 1309.09
9559.00 1190.08
9619.50 1368.60
9680.00 833.06
9740.50 1249.59
9801.00 1368.60
9861.50 1011.57
9922.00 1011.57
9982.50 1368.60
10043.00 1071.07
10103.50 1190.08
10164.00 1071.07
10224.50 1249.59
10285.00 1071.07
10345.50 833.06
10406.00 1071.07
10466.50 1190.08
10527.00 952.07
10587.50 1249.59
10648.00 1249.59
10708.50 1428.10
10769.00 952.07
10829.50 1130.58
10890.00 1130.58
10950.50 1249.59
11011.00 1309.09
11071.50 1071.07
11132.00 1249.59
11192.50 1071.07
11253.00 1666.12
11313.50 1547.11
11374.00 1368.60
11434.50 1785.12
11495.00 1487.60
11555.50 1249.59
11616.00 952.07
11676.50 1071.07
11737.00 1071.07
11797.50 1071.07
11858.00 952.07
11918.50 1011.57
11979.00 952.07
12039.50 773.55
12100.00 1011.57
12160.50 1011.57
12221.00 1071.07
12281.50 1190.08
12342.00 1428.10
12402.50 1130.58
12463.00 1487.60
12523.50 1666.12
12584.00 1547.11
12644.50 1547.11
12705.00 1666.12
12765.50 1428.10
12826.00 1309.09
12886.50 1725.62
12947.00 1606.61
13007.50 1071.07
13068.00 1428.10
13128.50 1011.57
13189.00 1428.10
13249.50 1249.59
13310.00 833.06
13370.50 1130.58
13431.00 892.56
13491.50 952.07
13552.00 714.05
13612.50 1309.09
13673.00 1428.10
13733.50 1190.08
13794.00 1368.60
13854.50 1368.60
13915.00 1606.61
13975.50 1428.10
14036.00 1547.11
14096.50 1606.61
14157.00 1547.11
14217.50 1368.60
14278.00 1309.09
14338.50 1249.59
14399.00 1428.10
14459.50 952.07
14520.00 1547.11
14580.50 1487.60
14641.00 1130.58
14701.50 1368.60
14762.00 1249.59
14822.50 1011.57
14883.00 1725.62
14943.50 1309.09
15004.00 1190.08
15064.50 1190.08
15125.00 1190.08
15185.50 1368.60
15246.00 1487.60
15306.50 1428.10
15367.00 1130.58
15427.50 1368.60
15488.00 1309.09
15548.50 952.07
15609.00 1428.10
15669.50 1011.57
15730.00 1606.61
15790.50 1666.12
15851.00 1309.09
15911.50 1487.60
15972.00 1666.12
16032.50 1428.10
16093.00 1368.60
16153.50 1368.60
16214.00 1666.12
16274.50 1428.10
16335.00 1130.58
16395.50 1606.61
16456.00 1428.10
16516.50 1309.09
16577.00 1487.60
16637.50 1606.61
16698.00 1368.60
16758.50 1487.60
16819.00 1487.60
16879.50 1606.61
16940.00 1011.57
17000.50 1071.07
17061.00 1547.11
17121.50 1428.10
17182.00 1309.09
17242.50 1606.61
17303.00 1309.09
17363.50 1428.10
17424.00 1190.08
17484.50 1190.08
17545.00 1130.58
17605.50 1368.60
17666.00 1249.59
17726.50 1368.60
17787.00 1487.60
17847.50 1190.08
17908.00 1428.10
17968.50 1130.58
18029.00 1368.60
18089.50 1249.59
18150.00 1547.11
18210.50 1011.57
18271.00 1428.10
18331.50 1190.08
18392.00 1368.60
18452.50 1249.59
18513.00 1368.60
18573.50 1190.08
18634.00 1190.08
18694.50 1428.10
18755.00 1428.10
18815.50 1130.58
18876.00 1428.10
18936.50 1428.10
18997.00 1190.08
19057.50 1487.60
19118.00 1666.12
19178.50 1547.11
19239.00 1547.11
19299.50 1249.59
19360.00 1130.58
19420.50 1487.60
19481.00 1368.60
19541.50 1011.57
19602.00 1309.09
19662.50 1309.09
19723.00 1190.08
19783.50 1309.09
19844.00 1190.08
19904.50 1606.61
19965.00 1487.60
20025.50 1547.11
20086.00 1547.11
20146.50 1487.60
20207.00 1547.11
20267.50 1130.58
20328.00 1368.60
20388.50 1428.10
20449.00 1071.07
20509.50 1547.11
20570.00 1249.59
20630.50 1487.60
20691.00 1487.60
20751.50 1309.09
20812.00 1130.58
20872.50 1309.09
20933.00 1368.60
20993.50 1071.07
21054.00 1487.60
21114.50 1428.10
21175.00 1547.11
21235.50 1606.61
21296.00 1547.11
21356.50 1725.62
21417.00 1309.09
21477.50 1547.11
21538.00 1249.59
21598.50 1309.09
