60.50 1.08
121.00 12.04
181.50 14.14
242.00 12.33
302.50 15.09
363.00 11.93
423.50 15.60
484.00 14.04
544.50 14.54
605.00 16.33
665.50 15.31
726.00 14.29
786.50 17.20
847.00 15.34
907.50 19.16
968.00 16.98
1028.50 15.38
1089.00 14.54
1149.50 19.09
1210.00 14.25
1270.50 15.78
1331.00 16.00
1391.50 16.04
1452.00 15.16
1512.50 16.40
1573.00 17.34
1633.50 21.38
1694.00 21.23
1754.50 20.76
1815.00 22.65
1875.50 17.67
1936.00 19.78
1996.50 21.02
2057.00 22.07
2117.50 19.71
2178.00 19.63
2238.50 16.18
2299.00 21.13
2359.50 19.20
2420.00 18.80
2480.50 17.89
2541.00 17.74
2601.50 20.43
2662.00 14.44
2722.50 18.22
2783.00 18.51
2843.50 15.53
2904.00 17.93
2964.50 20.69
3025.00 20.07
3085.50 21.82
3146.00 22.87
3206.50 14.98
3267.00 21.13
3327.50 18.51
3388.00 18.98
3448.50 16.54
3509.00 18.04
3569.50 17.20
3630.00 15.78
3690.50 18.07
3751.00 17.82
3811.50 17.31
3872.00 16.22
3932.50 16.44
3993.00 14.04
4053.50 19.74
4114.00 18.00
4174.50 18.14
4235.00 17.78
4295.50 18.65
4356.00 15.67
4416.50 20.36
4477.00 20.51
4537.50 39.67
4598.00 26.36
4658.50 19.89
4719.00 14.84
4779.50 13.64
4840.00 15.89
4900.50 12.40
4961.00 23.67
5021.50 23.96
5082.00 36.43
5142.50 64.29
5203.00 62.47
5263.50 80.79
5324.00 59.92
5384.50 39.71
5445.00 20.18
5505.50 25.02
5566.00 37.16
5626.50 37.31
5687.00 22.65
5747.50 12.25
5808.00 12.47
5868.50 11.13
5929.00 6.47
5989.50 8.51
6050.00 8.47
6110.50 7.67
6171.00 11.45
6231.50 10.36
6292.00 13.53
6352.50 14.94
6413.00 11.56
6473.50 13.56
6534.00 11.93
6594.50 14.14
6655.00 15.09
6715.50 15.96
6776.00 14.07
6836.50 14.47
6897.00 14.87
6957.50 13.38
7018.00 14.87
7078.50 12.94
7139.00 12.58
7199.50 11.20
7260.00 13.85
7320.50 11.09
7381.00 6.40
7441.50 9.13
7502.00 12.54
7562.50 8.98
7623.00 10.04
7683.50 7.64
7744.00 10.58
7804.50 11.53
7865.00 9.53
7925.50 5.45
7986.00 7.16
8046.50 8.62
8107.00 8.51
8167.50 6.25
8228.00 12.25
8288.50 9.67
8349.00 7.64
8409.50 11.85
8470.00 8.40
8530.50 11.85
8591.00 8.91
8651.50 10.62
8712.00 13.05
8772.50 12.44
8833.00 12.29
8893.50 7.02
8954.00 10.87
9014.50 10.04
9075.00 10.36
9135.50 16.14
9196.00 15.02
9256.50 12.36
9317.00 13.24
9377.50 13.27
9438.00 14.62
9498.50 13.60
9559.00 13.82
9619.50 15.27
9680.00 8.98
9740.50 14.25
9801.00 14.36
9861.50 11.89
9922.00 11.38
9982.50 14.84
10043.00 10.98
10103.50 12.87
10164.00 10.65
10224.50 13.96
10285.00 10.54
10345.50 9.05
10406.00 10.73
10466.50 11.60
10527.00 10.36
10587.50 12.25
10648.00 11.89
10708.50 15.16
10769.00 10.40
10829.50 12.69
10890.00 11.85
10950.50 14.33
11011.00 12.94
11071.50 11.71
11132.00 13.56
11192.50 11.16
11253.00 17.02
11313.50 19.13
11374.00 14.54
11434.50 19.49
11495.00 14.94
11555.50 12.54
11616.00 10.44
11676.50 10.65
11737.00 12.98
11797.50 13.20
11858.00 10.84
11918.50 10.76
11979.00 8.84
12039.50 10.11
12100.00 10.14
12160.50 11.05
12221.00 12.18
12281.50 13.38
12342.00 14.25
12402.50 13.16
12463.00 16.25
12523.50 19.60
12584.00 18.18
12644.50 17.27
12705.00 17.49
12765.50 15.34
12826.00 15.38
12886.50 19.53
12947.00 17.67
13007.50 13.49
13068.00 16.51
13128.50 11.49
13189.00 14.98
13249.50 11.71
13310.00 10.04
13370.50 11.09
13431.00 10.04
13491.50 8.80
13552.00 9.56
13612.50 13.82
13673.00 15.38
13733.50 13.34
13794.00 14.58
13854.50 14.36
13915.00 16.47
13975.50 16.47
14036.00 16.58
14096.50 18.58
14157.00 15.38
14217.50 14.36
14278.00 11.89
14338.50 14.51
14399.00 13.34
14459.50 12.84
14520.00 16.29
14580.50 14.44
14641.00 12.47
14701.50 13.53
14762.00 13.82
14822.50 12.80
14883.00 17.49
14943.50 13.82
15004.00 11.89
15064.50 14.76
15125.00 14.18
15185.50 16.07
15246.00 15.38
15306.50 15.71
15367.00 13.20
15427.50 14.22
15488.00 13.20
15548.50 11.13
15609.00 13.49
15669.50 11.96
15730.00 17.56
15790.50 17.82
15851.00 14.44
15911.50 15.53
15972.00 16.40
16032.50 14.62
16093.00 16.69
16153.50 15.74
16214.00 16.98
16274.50 13.42
16335.00 13.64
16395.50 17.89
16456.00 14.04
16516.50 16.29
16577.00 15.16
16637.50 17.56
16698.00 14.76
16758.50 15.27
16819.00 16.04
16879.50 16.33
16940.00 11.38
17000.50 11.67
17061.00 17.82
17121.50 15.13
17182.00 14.94
17242.50 17.24
17303.00 14.36
17363.50 13.45
17424.00 13.85
17484.50 14.04
17545.00 12.36
17605.50 14.36
17666.00 14.44
17726.50 13.78
17787.00 15.38
17847.50 11.74
17908.00 13.13
17968.50 13.34
18029.00 13.78
18089.50 15.85
18150.00 15.20
18210.50 11.24
18271.00 15.38
18331.50 12.94
18392.00 13.89
18452.50 12.33
18513.00 14.58
18573.50 13.05
18634.00 13.38
18694.50 14.98
18755.00 13.56
18815.50 11.85
18876.00 14.73
18936.50 15.16
18997.00 13.24
19057.50 15.89
19118.00 16.18
19178.50 17.02
19239.00 17.82
19299.50 12.36
19360.00 12.76
19420.50 15.45
19481.00 14.44
19541.50 11.27
19602.00 12.69
19662.50 13.93
19723.00 12.40
19783.50 13.24
19844.00 13.96
19904.50 17.16
19965.00 14.11
20025.50 18.87
20086.00 15.64
20146.50 16.80
20207.00 17.20
20267.50 12.58
20328.00 15.16
20388.50 13.82
20449.00 12.22
20509.50 17.38
20570.00 12.91
20630.50 15.85
20691.00 15.82
20751.50 13.64
20812.00 12.87
20872.50 13.42
20933.00 14.84
20993.50 12.22
21054.00 15.67
21114.50 16.47
21175.00 16.62
21235.50 16.58
21296.00 17.34
21356.50 19.45
21417.00 14.91
21477.50 15.74
21538.00 14.51
21598.50 12.73
