60.50 9.60 5
121.00 13.90 5
181.50 8.07 7
242.00 6.58 6
302.50 7.58 6
363.00 8.60 5
423.50 8.20 5
484.00 9.30 5
544.50 7.70 5
605.00 7.70 5
665.50 9.83 6
726.00 8.70 5
786.50 9.17 6
847.00 11.00 5
907.50 8.92 6
968.00 8.75 8
1028.50 8.62 8
1089.00 8.50 8
1149.50 11.07 7
1210.00 11.28 9
1270.50 11.08 6
1331.00 17.50 5
1391.50 13.86 7
1452.00 13.67 6
1512.50 17.30 5
1573.00 26.60 5
1633.50 40.00 5
1694.00 59.60 5
1754.50 81.62 4
1815.00 101.70 5
1875.50 112.25 6
1936.00 114.43 7
1996.50 119.79 7
2057.00 124.14 7
2117.50 130.50 8
2178.00 130.43 7
2238.50 126.89 9
2299.00 125.64 7
2359.50 125.62 8
2420.00 127.93 7
2480.50 124.06 9
2541.00 122.57 7
2601.50 125.25 8
2662.00 128.69 8
2722.50 126.19 8
2783.00 130.71 7
2843.50 135.00 8
2904.00 128.88 8
2964.50 126.50 7
3025.00 134.36 7
3085.50 141.21 7
3146.00 128.38 8
3206.50 120.31 8
3267.00 125.00 8
3327.50 127.71 7
3388.00 127.88 8
3448.50 124.88 8
3509.00 128.71 7
3569.50 127.62 8
3630.00 125.38 8
3690.50 124.57 7
3751.00 121.88 8
3811.50 120.94 8
3872.00 118.78 9
3932.50 116.56 8
3993.00 112.75 8
4053.50 114.00 7
4114.00 126.31 8
4174.50 130.50 7
4235.00 131.43 7
4295.50 126.81 8
4356.00 123.88 8
4416.50 129.43 7
4477.00 132.57 7
4537.50 131.75 8
4598.00 128.86 7
4658.50 131.50 8
4719.00 125.50 8
4779.50 123.88 8
4840.00 123.19 8
4900.50 121.72 9
4961.00 121.62 8
5021.50 120.12 8
5082.00 124.14 7
5142.50 130.36 7
5203.00 124.62 8
5263.50 123.50 7
5324.00 128.29 7
5384.50 137.29 7
5445.00 134.19 8
5505.50 126.36 7
5566.00 124.44 8
5626.50 129.21 7
5687.00 137.86 7
5747.50 135.44 8
5808.00 129.44 8
5868.50 128.94 8
5929.00 128.36 7
5989.50 129.79 7
6050.00 135.07 7
6110.50 134.93 7
6171.00 131.07 7
6231.50 130.31 8
6292.00 126.36 7
6352.50 122.56 8
6413.00 124.56 8
6473.50 122.21 7
6534.00 130.00 7
6594.50 131.57 7
6655.00 132.71 7
6715.50 132.19 8
6776.00 131.71 7
6836.50 127.62 8
6897.00 132.43 7
6957.50 128.31 8
7018.00 130.00 8
7078.50 131.64 7
7139.00 131.29 7
7199.50 132.19 8
7260.00 127.21 7
7320.50 127.50 7
7381.00 130.79 7
7441.50 131.50 7
7502.00 130.75 6
7562.50 132.42 6
7623.00 134.58 6
7683.50 124.33 6
7744.00 92.50 5
7804.50 68.00 5
7865.00 53.88 4
7925.50 67.50 3
7986.00 92.50 4
8046.50 110.10 5
8107.00 116.17 6
8167.50 116.00 6
8228.00 108.38 8
8288.50 100.44 9
8349.00 80.00 11
8409.50 39.93 14
8470.00 8.94 9
8530.50 8.72 9
8591.00 8.62 8
8651.50 9.28 9
8712.00 8.44 8
8772.50 10.61 9
8833.00 11.22 9
8893.50 10.56 8
8954.00 10.33 9
9014.50 11.17 9
9075.00 13.25 8
9135.50 12.00 9
9196.00 10.19 8
9256.50 10.78 9
9317.00 9.56 9
9377.50 9.65 10
9438.00 10.14 11
9498.50 9.90 10
9559.00 9.50 9
9619.50 10.35 10
9680.00 11.94 8
9740.50 17.86 7
9801.00 25.00 7
9861.50 32.21 7
9922.00 41.92 6
9982.50 53.86 7
10043.00 68.30 5
10103.50 85.90 5
10164.00 103.58 6
10224.50 115.29 7
10285.00 121.57 7
10345.50 120.25 8
10406.00 121.00 9
10466.50 113.39 9
10527.00 107.17 9
10587.50 102.39 9
10648.00 94.65 10
10708.50 81.17 9
10769.00 72.88 8
10829.50 69.43 7
10890.00 76.75 6
10950.50 83.40 5
11011.00 87.80 5
11071.50 94.25 4
11132.00 100.70 5
11192.50 103.00 5
11253.00 103.83 6
11313.50 113.57 7
11374.00 120.29 7
11434.50 123.86 7
11495.00 122.88 8
11555.50 117.29 7
11616.00 113.50 7
11676.50 113.00 6
11737.00 119.33 6
11797.50 125.20 5
11858.00 134.92 6
11918.50 135.30 5
11979.00 134.00 5
12039.50 129.00 6
12100.00 116.42 6
12160.50 105.69 8
12221.00 106.89 9
12281.50 96.83 9
12342.00 82.85 10
12402.50 66.05 10
12463.00 43.94 8
12523.50 33.64 7
12584.00 33.00 6
12644.50 39.30 5
12705.00 49.90 5
12765.50 58.25 6
12826.00 66.50 5
12886.50 75.10 5
12947.00 84.50 5
13007.50 95.90 5
13068.00 106.83 6
13128.50 116.83 6
13189.00 121.86 7
13249.50 126.43 7
13310.00 127.43 7
13370.50 129.57 7
13431.00 130.19 8
13491.50 122.44 8
13552.00 117.50 8
13612.50 123.25 6
13673.00 126.93 7
13733.50 123.00 7
13794.00 117.79 7
13854.50 117.58 6
13915.00 114.50 7
13975.50 115.71 7
14036.00 123.19 8
14096.50 121.44 8
14157.00 121.86 7
14217.50 118.88 8
14278.00 124.00 7
14338.50 126.00 8
14399.00 128.08 6
14459.50 131.50 8
14520.00 130.71 7
14580.50 128.33 6
14641.00 146.00 8
14701.50 135.25 10
14762.00 112.62 8
14822.50 110.38 8
14883.00 115.21 7
14943.50 119.90 5
15004.00 123.50 7
15064.50 128.50 6
15125.00 134.50 6
15185.50 134.08 6
15246.00 115.79 7
15306.50 95.21 7
15367.00 69.64 7
15427.50 55.94 9
15488.00 49.12 8
15548.50 37.20 10
15609.00 18.95 10
15669.50 9.75 8
15730.00 10.72 9
15790.50 9.89 9
15851.00 9.88 8
15911.50 14.62 8
15972.00 11.67 6
16032.50 12.80 5
16093.00 12.50 5
16153.50 11.50 5
16214.00 13.60 5
16274.50 10.71 7
16335.00 11.50 6
16395.50 13.50 7
16456.00 13.50 7
16516.50 10.36 7
16577.00 12.17 3
16637.50 13.25 4
16698.00 15.00 4
16758.50 11.25 4
16819.00 10.00 4
16879.50 10.25 4
16940.00 12.00 4
17000.50 9.50 3
17061.00 8.50 4
17121.50 6.50 5
17182.00 8.86 7
17242.50 9.31 8
17303.00 9.00 7
17363.50 8.88 8
17424.00 9.00 7
17484.50 9.71 7
17545.00 9.57 7
17605.50 9.50 7
17666.00 9.50 6
17726.50 9.08 6
17787.00 9.58 6
17847.50 9.80 5
17908.00 9.75 6
17968.50 13.50 5
18029.00 12.17 6
18089.50 13.20 5
18150.00 11.60 5
18210.50 9.90 5
18271.00 7.40 5
18331.50 8.43 7
18392.00 8.17 9
18452.50 8.10 10
18513.00 8.22 9
18573.50 8.72 9
18634.00 8.33 9
18694.50 8.88 8
18755.00 10.50 9
18815.50 13.31 8
18876.00 19.36 7
18936.50 36.40 5
18997.00 57.90 5
19057.50 79.60 5
19118.00 100.40 5
19178.50 112.10 5
19239.00 120.67 6
19299.50 129.75 6
19360.00 135.83 6
19420.50 115.50 5
19481.00 87.50 6
19541.50 51.50 7
19602.00 24.70 5
19662.50 15.17 6
19723.00 14.50 5
19783.50 10.10 5
19844.00 10.17 6
19904.50 9.38 8
19965.00 8.50 7
20025.50 9.75 6
20086.00 9.50 8
20146.50 8.50 6
20207.00 10.64 7
20267.50 11.08 6
20328.00 11.62 8
20388.50 11.58 6
20449.00 11.57 7
20509.50 12.50 8
20570.00 13.79 7
20630.50 20.42 6
20691.00 38.00 5
20751.50 61.50 5
20812.00 85.00 5
20872.50 101.43 7
20933.00 111.71 7
20993.50 117.69 8
21054.00 121.25 8
21114.50 115.50 8
21175.00 121.21 7
21235.50 124.38 8
21296.00 126.06 8
21356.50 130.12 8
21417.00 126.12 8
21477.50 123.21 7
21538.00 125.50 7
21598.50 129.00 6
