60.50 9.60 5
121.00 11.33 6
181.50 6.75 6
242.00 7.58 6
302.50 9.33 6
363.00 11.40 5
423.50 8.10 5
484.00 10.20 5
544.50 8.30 5
605.00 10.30 5
665.50 11.50 6
726.00 10.00 5
786.50 9.58 6
847.00 8.60 5
907.50 10.60 5
968.00 9.78 9
1028.50 8.75 8
1089.00 8.44 8
1149.50 8.44 8
1210.00 10.06 8
1270.50 10.42 6
1331.00 10.25 6
1391.50 8.58 6
1452.00 11.58 6
1512.50 12.25 6
1573.00 10.71 7
1633.50 10.93 7
1694.00 12.08 6
1754.50 14.07 7
1815.00 10.86 7
1875.50 16.50 6
1936.00 35.00 5
1996.50 61.70 5
2057.00 87.88 4
2117.50 105.71 7
2178.00 117.50 7
2238.50 122.00 7
2299.00 124.44 8
2359.50 121.86 7
2420.00 123.06 8
2480.50 125.21 7
2541.00 124.06 8
2601.50 121.36 7
2662.00 117.50 9
2722.50 118.50 7
2783.00 124.00 6
2843.50 138.62 8
2904.00 135.43 7
2964.50 129.50 7
3025.00 123.38 8
3085.50 123.69 8
3146.00 116.81 8
3206.50 122.43 7
3267.00 125.57 7
3327.50 126.75 6
3388.00 167.12 4
3448.50 164.75 8
3509.00 151.81 8
3569.50 117.62 8
3630.00 121.64 7
3690.50 119.31 8
3751.00 120.29 7
3811.50 125.71 7
3872.00 129.62 8
3932.50 131.25 6
3993.00 130.50 8
4053.50 117.56 9
4114.00 118.07 7
4174.50 123.25 8
4235.00 127.31 8
4295.50 123.31 8
4356.00 124.69 8
4416.50 120.33 9
4477.00 110.28 9
4537.50 113.88 8
4598.00 119.00 8
4658.50 122.88 8
4719.00 124.25 8
4779.50 125.94 9
4840.00 127.07 7
4900.50 135.86 7
4961.00 136.43 7
5021.50 124.14 7
5082.00 119.81 8
5142.50 119.06 8
5203.00 118.69 8
5263.50 127.12 8
5324.00 134.29 7
5384.50 135.36 7
5445.00 130.64 7
5505.50 123.88 8
5566.00 122.14 7
5626.50 123.56 9
5687.00 126.71 7
5747.50 132.07 7
5808.00 136.75 6
5868.50 134.50 7
5929.00 125.88 8
5989.50 120.75 8
6050.00 123.79 7
6110.50 129.06 8
6171.00 126.43 7
6231.50 124.31 8
6292.00 129.14 7
6352.50 131.36 7
6413.00 120.69 8
6473.50 119.21 7
6534.00 128.75 8
6594.50 121.00 7
6655.00 121.56 8
6715.50 125.14 7
6776.00 128.94 8
6836.50 133.43 7
6897.00 133.07 7
6957.50 124.75 8
7018.00 116.83 9
7078.50 119.25 8
7139.00 123.19 8
7199.50 120.94 8
7260.00 123.62 8
7320.50 129.72 9
7381.00 127.67 6
7441.50 128.00 7
7502.00 130.25 6
7562.50 131.42 6
7623.00 141.50 5
7683.50 157.50 4
7744.00 152.25 4
7804.50 144.75 4
7865.00 137.88 4
7925.50 122.20 5
7986.00 120.90 5
8046.50 121.58 6
8107.00 113.56 8
8167.50 92.78 9
8228.00 59.75 12
8288.50 20.64 11
8349.00 8.00 8
8409.50 8.00 8
8470.00 8.25 8
8530.50 8.44 9
8591.00 8.50 8
8651.50 8.56 9
8712.00 8.67 9
8772.50 8.25 8
8833.00 8.72 9
8893.50 8.22 9
8954.00 8.50 8
9014.50 8.56 9
9075.00 8.28 9
9135.50 8.50 8
9196.00 8.22 9
9256.50 8.39 9
9317.00 8.31 8
9377.50 8.25 10
9438.00 8.75 10
9498.50 8.36 11
9559.00 9.30 10
9619.50 8.17 9
9680.00 8.81 8
9740.50 11.75 8
9801.00 14.36 7
9861.50 26.33 6
9922.00 47.50 5
9982.50 75.50 4
10043.00 98.40 5
10103.50 111.43 7
10164.00 116.36 7
10224.50 113.00 9
10285.00 99.90 10
10345.50 85.00 10
10406.00 74.50 10
10466.50 60.05 11
10527.00 48.60 10
10587.50 35.80 10
10648.00 22.50 8
10708.50 17.75 8
10769.00 21.21 7
10829.50 26.93 7
10890.00 16.92 6
10950.50 13.40 5
11011.00 13.60 5
11071.50 8.25 6
11132.00 7.50 6
11192.50 9.21 7
11253.00 9.50 8
11313.50 9.14 7
11374.00 8.75 8
11434.50 8.93 7
11495.00 8.42 6
11555.50 8.93 7
11616.00 9.58 6
11676.50 9.92 6
11737.00 11.50 5
11797.50 14.08 6
11858.00 14.40 5
11918.50 14.30 5
11979.00 12.80 5
12039.50 9.71 7
12100.00 9.25 8
12160.50 8.75 8
12221.00 9.00 8
12281.50 8.62 8
12342.00 9.43 7
12402.50 10.67 6
12463.00 12.00 7
12523.50 8.83 6
12584.00 9.36 7
12644.50 11.75 6
12705.00 13.50 6
12765.50 12.75 6
12826.00 14.00 5
12886.50 26.40 5
12947.00 46.25 4
13007.50 68.17 3
13068.00 93.00 5
13128.50 108.58 6
13189.00 116.83 6
13249.50 120.86 7
13310.00 118.81 8
13370.50 110.44 9
13431.00 100.06 9
13491.50 83.95 10
13552.00 57.33 12
13612.50 17.89 9
13673.00 10.25 6
13733.50 7.64 7
13794.00 9.92 6
13854.50 8.38 8
13915.00 8.50 9
13975.50 8.33 9
14036.00 8.25 8
14096.50 8.22 9
14157.00 9.50 8
14217.50 12.14 7
14278.00 12.75 8
14338.50 10.79 7
14399.00 13.36 7
14459.50 21.00 6
14520.00 38.25 6
14580.50 60.50 5
14641.00 86.50 6
14701.50 104.29 7
14762.00 113.50 7
14822.50 118.94 8
14883.00 114.94 8
14943.50 109.50 7
15004.00 115.17 6
15064.50 120.25 6
15125.00 123.25 6
15185.50 117.00 7
15246.00 102.50 6
15306.50 85.36 7
15367.00 60.36 7
15427.50 47.44 9
15488.00 35.61 9
15548.50 16.20 10
15609.00 10.00 8
15669.50 8.50 9
15730.00 8.75 8
15790.50 8.28 9
15851.00 8.75 8
15911.50 8.56 9
15972.00 10.00 5
16032.50 10.20 5
16093.00 12.40 5
16153.50 15.12 4
16214.00 14.08 6
16274.50 16.83 6
16335.00 28.60 5
16395.50 32.79 7
16456.00 36.00 6
16516.50 36.50 7
16577.00 23.75 6
16637.50 13.00 4
16698.00 9.25 4
16758.50 12.50 4
16819.00 9.88 4
16879.50 10.50 4
16940.00 12.33 3
17000.50 11.38 4
17061.00 7.25 4
17121.50 8.60 5
17182.00 8.50 7
17242.50 8.00 8
17303.00 8.14 7
17363.50 8.25 8
17424.00 8.64 7
17484.50 9.14 7
17545.00 10.00 7
17605.50 8.29 7
17666.00 8.00 7
17726.50 8.17 6
17787.00 9.10 5
17847.50 9.83 6
17908.00 8.90 5
17968.50 9.40 5
18029.00 13.33 6
18089.50 8.70 5
18150.00 9.70 5
18210.50 8.70 5
18271.00 8.50 5
18331.50 9.50 7
18392.00 8.67 9
18452.50 8.56 9
18513.00 8.45 10
18573.50 8.67 9
18634.00 12.67 9
18694.50 8.50 9
18755.00 9.31 8
18815.50 9.61 9
18876.00 10.25 8
18936.50 23.30 5
18997.00 43.50 5
19057.50 68.25 4
19118.00 94.38 4
19178.50 107.92 6
19239.00 117.67 6
19299.50 125.50 5
19360.00 132.25 6
19420.50 115.90 5
19481.00 90.00 6
19541.50 52.43 7
19602.00 20.58 6
19662.50 14.20 5
19723.00 13.20 5
19783.50 11.30 5
19844.00 8.58 6
19904.50 8.50 7
19965.00 8.44 8
20025.50 8.43 7
20086.00 9.43 7
20146.50 9.14 7
20207.00 8.42 6
20267.50 10.14 7
20328.00 12.75 6
20388.50 11.29 7
20449.00 12.71 7
20509.50 22.25 6
20570.00 41.50 5
20630.50 59.50 5
20691.00 76.67 6
20751.50 90.00 6
20812.00 99.92 6
20872.50 110.25 8
20933.00 117.25 8
20993.50 119.50 8
21054.00 114.45 10
21114.50 91.32 11
21175.00 77.68 11
21235.50 70.15 10
21296.00 71.00 8
21356.50 84.58 6
21417.00 107.67 6
21477.50 122.50 6
21538.00 126.93 7
21598.50 135.58 6
