60.50 9.70 5
121.00 11.33 6
181.50 7.00 6
242.00 7.75 6
302.50 6.58 6
363.00 7.70 5
423.50 10.90 5
484.00 8.00 5
544.50 7.20 5
605.00 13.50 5
665.50 9.50 6
726.00 8.30 5
786.50 6.92 6
847.00 10.00 5
907.50 8.75 6
968.00 8.62 8
1028.50 8.81 8
1089.00 8.56 8
1149.50 8.56 8
1210.00 8.75 8
1270.50 9.08 6
1331.00 9.75 6
1391.50 12.00 6
1452.00 11.83 6
1512.50 12.58 6
1573.00 11.93 7
1633.50 12.75 6
1694.00 11.07 7
1754.50 12.57 7
1815.00 11.86 7
1875.50 15.93 7
1936.00 25.42 6
1996.50 39.00 6
2057.00 58.90 5
2117.50 85.00 5
2178.00 103.83 6
2238.50 115.57 7
2299.00 121.75 6
2359.50 126.25 8
2420.00 129.29 7
2480.50 128.25 8
2541.00 124.62 8
2601.50 126.12 8
2662.00 128.29 7
2722.50 129.57 7
2783.00 129.88 8
2843.50 128.29 7
2904.00 129.36 7
2964.50 129.14 7
3025.00 126.44 8
3085.50 131.33 6
3146.00 133.57 7
3206.50 133.50 7
3267.00 119.71 7
3327.50 119.69 8
3388.00 120.06 8
3448.50 128.57 7
3509.00 127.94 8
3569.50 119.94 8
3630.00 120.14 7
3690.50 117.62 8
3751.00 118.88 8
3811.50 121.07 7
3872.00 124.07 7
3932.50 120.12 8
3993.00 115.75 8
4053.50 121.79 7
4114.00 125.75 8
4174.50 123.69 8
4235.00 107.83 9
4295.50 115.86 7
4356.00 124.69 8
4416.50 129.64 7
4477.00 133.79 7
4537.50 134.57 7
4598.00 120.12 8
4658.50 119.75 8
4719.00 122.44 8
4779.50 117.62 8
4840.00 112.50 8
4900.50 115.00 8
4961.00 124.22 9
5021.50 124.36 7
5082.00 127.57 7
5142.50 124.69 8
5203.00 124.50 9
5263.50 113.62 8
5324.00 116.06 8
5384.50 123.50 7
5445.00 131.07 7
5505.50 131.43 7
5566.00 123.44 8
5626.50 114.71 7
5687.00 118.19 8
5747.50 119.56 8
5808.00 117.44 8
5868.50 122.29 7
5929.00 130.86 7
5989.50 131.62 8
6050.00 125.86 7
6110.50 131.00 7
6171.00 125.94 8
6231.50 122.50 7
6292.00 122.19 8
6352.50 125.71 7
6413.00 123.94 8
6473.50 125.94 9
6534.00 124.29 7
6594.50 123.43 7
6655.00 125.00 8
6715.50 115.22 9
6776.00 112.12 8
6836.50 116.38 8
6897.00 117.62 8
6957.50 119.33 3
7018.00 190.33 3
7078.50 202.33 6
7139.00 209.58 6
7199.50 136.44 8
7260.00 116.00 8
7320.50 120.79 7
7381.00 142.08 6
7441.50 138.07 7
7502.00 129.93 7
7562.50 131.00 6
7623.00 135.50 5
7683.50 135.33 6
7744.00 98.50 6
7804.50 49.00 7
7865.00 13.42 6
7925.50 11.00 7
7986.00 11.50 6
8046.50 8.17 6
8107.00 6.58 6
8167.50 7.36 7
8228.00 8.00 8
8288.50 8.21 7
8349.00 8.00 8
8409.50 8.00 8
8470.00 8.94 8
8530.50 8.22 9
8591.00 8.38 8
8651.50 8.67 9
8712.00 8.28 9
8772.50 8.50 8
8833.00 8.67 9
8893.50 8.22 9
8954.00 8.50 8
9014.50 8.39 9
9075.00 8.39 9
9135.50 8.50 8
9196.00 8.61 9
9256.50 8.22 9
9317.00 8.25 8
9377.50 8.18 11
9438.00 8.17 9
9498.50 8.65 10
9559.00 8.59 11
9619.50 8.17 9
9680.00 11.69 8
9740.50 11.00 8
9801.00 12.25 8
9861.50 10.38 8
9922.00 12.81 8
9982.50 11.00 8
10043.00 11.00 7
10103.50 11.62 8
10164.00 11.25 8
10224.50 9.86 7
10285.00 9.44 9
10345.50 10.50 9
10406.00 10.25 8
10466.50 10.39 9
10527.00 9.62 8
10587.50 9.88 8
10648.00 9.00 8
10708.50 9.36 7
10769.00 9.00 8
10829.50 8.58 6
10890.00 7.92 6
10950.50 8.00 4
11011.00 8.92 6
11071.50 8.75 4
11132.00 8.57 7
11192.50 8.50 7
11253.00 9.31 8
11313.50 9.00 7
11374.00 9.00 8
11434.50 9.42 6
11495.00 10.14 7
11555.50 8.50 7
11616.00 9.60 5
11676.50 10.57 7
11737.00 9.00 6
11797.50 10.40 5
11858.00 7.90 5
11918.50 10.30 5
11979.00 7.10 5
12039.50 7.71 7
12100.00 8.44 8
12160.50 8.75 8
12221.00 8.62 8
12281.50 8.69 8
12342.00 8.64 7
12402.50 10.43 7
12463.00 9.92 6
12523.50 9.92 6
12584.00 7.92 6
12644.50 8.64 7
12705.00 7.33 6
12765.50 9.67 6
12826.00 9.42 6
12886.50 10.17 6
12947.00 9.93 7
13007.50 8.79 7
13068.00 8.86 7
13128.50 8.93 7
13189.00 9.79 7
13249.50 9.19 8
13310.00 9.21 7
13370.50 9.19 8
13431.00 9.21 7
13491.50 8.88 8
13552.00 8.71 7
13612.50 7.92 6
13673.00 6.86 7
13733.50 7.67 6
13794.00 7.50 6
13854.50 8.06 8
13915.00 8.39 9
13975.50 8.69 8
14036.00 9.22 9
14096.50 8.67 9
14157.00 10.00 8
14217.50 10.64 7
14278.00 11.29 7
14338.50 10.75 8
14399.00 10.29 7
14459.50 13.81 8
14520.00 20.93 7
14580.50 32.50 8
14641.00 40.00 8
14701.50 39.00 9
14762.00 24.36 11
14822.50 10.83 6
14883.00 11.00 7
14943.50 8.79 7
15004.00 9.50 7
15064.50 10.00 5
15125.00 10.10 5
15185.50 7.30 5
15246.00 10.20 5
15306.50 9.00 5
15367.00 8.56 8
15427.50 8.71 7
15488.00 9.06 8
15548.50 8.50 7
15609.00 8.50 8
15669.50 8.33 9
15730.00 8.75 8
15790.50 8.33 9
15851.00 8.44 9
15911.50 8.31 8
15972.00 7.20 5
16032.50 9.30 5
16093.00 7.50 5
16153.50 7.30 5
16214.00 8.10 5
16274.50 7.93 7
16335.00 7.21 7
16395.50 10.29 7
16456.00 7.17 6
16516.50 8.75 6
16577.00 9.12 4
16637.50 8.75 4
16698.00 8.25 4
16758.50 11.88 4
16819.00 8.88 4
16879.50 9.33 3
16940.00 8.38 4
17000.50 12.25 4
17061.00 8.62 4
17121.50 6.50 5
17182.00 8.36 7
17242.50 8.44 8
17303.00 8.50 7
17363.50 8.81 8
17424.00 8.50 7
17484.50 9.93 7
17545.00 8.50 7
17605.50 8.93 7
17666.00 10.25 6
17726.50 9.71 7
17787.00 11.90 5
17847.50 8.42 6
17908.00 8.70 5
17968.50 7.25 6
18029.00 9.80 5
18089.50 8.30 5
18150.00 9.90 5
18210.50 7.00 5
18271.00 9.90 5
18331.50 8.71 7
18392.00 8.11 9
18452.50 8.55 10
18513.00 8.28 9
18573.50 8.56 9
18634.00 8.67 9
18694.50 8.61 9
18755.00 8.44 9
18815.50 8.69 8
18876.00 8.61 9
18936.50 9.43 7
18997.00 9.00 7
19057.50 8.93 7
19118.00 8.25 6
19178.50 8.44 8
19239.00 7.40 5
19299.50 6.50 4
19360.00 10.12 4
19420.50 14.17 3
19481.00 6.88 4
19541.50 9.10 5
19602.00 7.70 5
19662.50 7.40 5
19723.00 6.50 4
19783.50 6.50 5
19844.00 7.75 6
19904.50 9.43 7
19965.00 9.29 7
20025.50 9.31 8
20086.00 9.21 7
20146.50 10.75 6
20207.00 9.36 7
20267.50 10.92 6
20328.00 9.81 8
20388.50 9.92 6
20449.00 8.75 8
20509.50 8.64 7
20570.00 8.50 8
20630.50 8.64 7
20691.00 8.50 8
20751.50 8.94 8
20812.00 8.33 9
20872.50 8.39 9
20933.00 8.62 8
20993.50 8.61 9
21054.00 8.61 9
21114.50 8.25 10
21175.00 8.61 9
21235.50 8.44 9
21296.00 8.50 9
21356.50 10.44 8
21417.00 9.58 6
21477.50 8.93 7
21538.00 9.64 7
21598.50 8.50 7
