60.50 9.60 5
121.00 12.90 5
181.50 9.71 7
242.00 7.67 6
302.50 7.92 6
363.00 7.50 5
423.50 6.90 5
484.00 8.50 5
544.50 7.30 5
605.00 7.70 5
665.50 7.25 6
726.00 9.40 5
786.50 8.92 6
847.00 10.00 5
907.50 9.08 6
968.00 8.31 8
1028.50 8.56 8
1089.00 8.44 8
1149.50 8.62 8
1210.00 8.75 8
1270.50 9.17 6
1331.00 9.58 6
1391.50 10.58 6
1452.00 9.00 6
1512.50 8.57 7
1573.00 9.58 6
1633.50 8.50 7
1694.00 9.00 6
1754.50 8.71 7
1815.00 11.14 7
1875.50 8.75 8
1936.00 9.00 8
1996.50 8.81 8
2057.00 8.81 8
2117.50 8.38 8
2178.00 9.25 8
2238.50 12.07 7
2299.00 12.31 8
2359.50 12.50 7
2420.00 12.62 8
2480.50 18.43 7
2541.00 33.67 6
2601.50 53.83 6
2662.00 71.25 6
2722.50 86.50 6
2783.00 99.57 7
2843.50 109.00 8
2904.00 113.90 5
2964.50 142.56 8
3025.00 143.88 8
3085.50 126.88 8
3146.00 122.00 8
3206.50 124.06 8
3267.00 121.19 8
3327.50 118.88 8
3388.00 120.69 8
3448.50 121.56 8
3509.00 115.94 9
3569.50 120.75 6
3630.00 125.50 8
3690.50 120.00 7
3751.00 115.38 8
3811.50 114.00 8
3872.00 117.25 8
3932.50 107.00 8
3993.00 111.88 8
4053.50 113.22 9
4114.00 105.94 8
4174.50 111.69 8
4235.00 119.00 8
4295.50 110.89 9
4356.00 111.44 8
4416.50 123.79 7
4477.00 124.88 8
4537.50 119.56 8
4598.00 121.75 8
4658.50 125.31 8
4719.00 124.57 7
4779.50 119.71 7
4840.00 119.88 8
4900.50 119.50 8
4961.00 117.56 8
5021.50 111.88 8
5082.00 119.75 8
5142.50 128.44 8
5203.00 124.22 9
5263.50 117.38 8
5324.00 121.50 8
5384.50 106.60 10
5445.00 99.75 8
5505.50 112.94 8
5566.00 117.72 9
5626.50 116.64 7
5687.00 127.08 6
5747.50 133.21 7
5808.00 121.06 8
5868.50 118.07 7
5929.00 124.36 7
5989.50 135.07 7
6050.00 127.50 8
6110.50 118.14 7
6171.00 122.19 8
6231.50 123.86 7
6292.00 119.33 9
6352.50 115.83 9
6413.00 112.36 7
6473.50 125.71 7
6534.00 136.33 6
6594.50 122.11 9
6655.00 116.07 7
6715.50 125.00 6
6776.00 126.31 8
6836.50 117.69 8
6897.00 120.62 8
6957.50 122.21 7
7018.00 115.69 8
7078.50 122.43 7
7139.00 123.17 9
7199.50 116.83 9
7260.00 117.86 7
7320.50 133.57 7
7381.00 130.43 7
7441.50 126.29 7
7502.00 124.50 7
7562.50 114.19 8
7623.00 83.11 9
7683.50 16.75 6
7744.00 9.17 3
7804.50 6.50 4
7865.00 7.17 6
7925.50 7.75 6
7986.00 8.33 6
8046.50 7.33 6
8107.00 6.58 6
8167.50 8.21 7
8228.00 8.50 8
8288.50 8.50 7
8349.00 8.44 8
8409.50 8.50 8
8470.00 8.38 8
8530.50 8.50 9
8591.00 8.31 8
8651.50 8.56 9
8712.00 8.94 8
8772.50 9.00 9
8833.00 8.78 9
8893.50 8.33 9
8954.00 8.69 8
9014.50 8.56 9
9075.00 8.39 9
9135.50 8.31 8
9196.00 8.61 9
9256.50 8.33 9
9317.00 8.31 8
9377.50 7.82 11
9438.00 7.95 10
9498.50 8.05 10
9559.00 8.20 10
9619.50 8.06 9
9680.00 8.44 8
9740.50 8.69 8
9801.00 9.39 9
9861.50 8.44 8
9922.00 8.69 8
9982.50 9.36 7
10043.00 9.62 8
10103.50 9.36 7
10164.00 9.62 8
10224.50 8.81 8
10285.00 8.50 8
10345.50 8.67 9
10406.00 8.50 9
10466.50 9.00 8
10527.00 8.50 8
10587.50 8.62 8
10648.00 8.50 8
10708.50 8.86 7
10769.00 9.00 8
10829.50 9.33 6
10890.00 7.67 6
10950.50 6.50 4
11011.00 8.17 6
11071.50 8.90 5
11132.00 8.33 6
11192.50 8.50 7
11253.00 8.50 8
11313.50 8.86 7
11374.00 8.50 8
11434.50 7.93 7
11495.00 7.33 6
11555.50 8.75 6
11616.00 10.43 7
11676.50 7.07 7
11737.00 7.50 5
11797.50 10.10 5
11858.00 8.70 5
11918.50 7.80 5
11979.00 7.40 5
12039.50 7.21 7
12100.00 8.44 8
12160.50 8.94 8
12221.00 8.38 8
12281.50 8.44 8
12342.00 8.93 7
12402.50 8.71 7
12463.00 8.17 6
12523.50 8.83 6
12584.00 9.57 7
12644.50 9.08 6
12705.00 9.42 6
12765.50 8.25 6
12826.00 9.33 6
12886.50 10.75 6
12947.00 9.93 7
13007.50 8.36 7
13068.00 9.36 7
13128.50 9.43 7
13189.00 8.29 7
13249.50 8.56 8
13310.00 8.50 7
13370.50 8.69 8
13431.00 8.71 7
13491.50 9.06 8
13552.00 9.50 7
13612.50 8.17 6
13673.00 7.92 6
13733.50 9.08 6
13794.00 9.50 7
13854.50 8.31 8
13915.00 8.39 9
13975.50 8.50 9
14036.00 8.31 8
14096.50 8.67 9
14157.00 8.56 8
14217.50 8.64 7
14278.00 8.69 8
14338.50 8.71 7
14399.00 12.86 7
14459.50 13.00 9
14520.00 10.33 9
14580.50 9.88 8
14641.00 8.67 9
14701.50 8.61 9
14762.00 8.43 7
14822.50 9.36 7
14883.00 6.50 6
14943.50 8.07 7
15004.00 9.14 7
15064.50 7.90 5
15125.00 8.60 5
15185.50 6.50 5
15246.00 8.50 5
15306.50 8.40 5
15367.00 8.25 8
15427.50 9.36 7
15488.00 9.31 8
15548.50 9.00 7
15609.00 9.50 8
15669.50 8.50 9
15730.00 8.31 8
15790.50 8.44 9
15851.00 8.50 8
15911.50 8.39 9
15972.00 9.80 5
16032.50 8.50 5
16093.00 7.30 5
16153.50 7.30 5
16214.00 7.17 6
16274.50 7.83 6
16335.00 7.43 7
16395.50 9.58 6
16456.00 8.36 7
16516.50 10.83 6
16577.00 11.88 4
16637.50 10.25 4
16698.00 12.62 4
16758.50 7.75 4
16819.00 11.12 4
16879.50 9.88 4
16940.00 8.88 4
17000.50 8.33 3
17061.00 8.50 4
17121.50 6.50 5
17182.00 9.07 7
17242.50 8.94 8
17303.00 8.86 7
17363.50 8.50 8
17424.00 8.50 7
17484.50 9.36 7
17545.00 9.36 7
17605.50 8.86 7
17666.00 7.50 7
17726.50 9.33 6
17787.00 7.90 5
17847.50 7.08 6
17908.00 7.80 5
17968.50 6.50 6
18029.00 9.10 5
18089.50 6.50 5
18150.00 9.90 5
18210.50 10.00 5
18271.00 8.60 5
18331.50 10.00 7
18392.00 8.17 9
18452.50 8.15 10
18513.00 8.28 9
18573.50 8.17 9
18634.00 8.61 9
18694.50 8.44 9
18755.00 8.25 8
18815.50 8.28 9
18876.00 8.28 9
18936.50 8.25 8
18997.00 8.00 6
19057.50 8.43 7
19118.00 9.14 7
19178.50 9.08 6
19239.00 8.67 6
19299.50 10.12 4
19360.00 6.50 4
19420.50 8.83 3
19481.00 6.50 4
19541.50 6.50 5
19602.00 7.88 4
19662.50 8.70 5
19723.00 8.40 5
19783.50 8.50 5
19844.00 8.50 6
19904.50 8.57 7
19965.00 8.38 8
20025.50 9.21 7
20086.00 7.57 7
20146.50 8.64 7
20207.00 9.00 6
20267.50 10.64 7
20328.00 9.00 7
20388.50 7.58 6
20449.00 7.75 8
20509.50 8.93 7
20570.00 8.69 8
20630.50 8.64 7
20691.00 8.81 8
20751.50 8.31 8
20812.00 8.22 9
20872.50 8.50 9
20933.00 8.94 8
20993.50 8.67 9
21054.00 8.33 9
21114.50 8.33 9
21175.00 8.50 10
21235.50 8.17 9
21296.00 8.33 9
21356.50 7.44 8
21417.00 9.42 6
21477.50 8.43 7
21538.00 12.50 7
21598.50 8.79 7
