60.50 13.20 5
121.00 13.75 8
181.50 11.86 7
242.00 10.00 7
302.50 8.79 7
363.00 9.92 6
423.50 9.42 6
484.00 9.33 6
544.50 8.71 7
605.00 8.20 5
665.50 8.33 9
726.00 8.22 9
786.50 8.31 8
847.00 8.50 9
907.50 8.33 9
968.00 9.36 7
1028.50 9.38 8
1089.00 9.00 7
1149.50 9.00 8
1210.00 9.43 7
1270.50 9.12 8
1331.00 9.00 8
1391.50 9.57 7
1452.00 9.56 8
1512.50 9.36 7
1573.00 9.64 7
1633.50 10.17 6
1694.00 8.75 6
1754.50 8.50 7
1815.00 9.00 6
1875.50 10.11 9
1936.00 11.00 10
1996.50 9.83 9
2057.00 9.65 10
2117.50 9.44 9
2178.00 9.55 10
2238.50 7.85 10
2299.00 7.90 10
2359.50 8.23 11
2420.00 7.75 10
2480.50 8.10 10
2541.00 8.20 10
2601.50 8.15 10
2662.00 8.05 10
2722.50 7.95 11
2783.00 7.38 12
2843.50 7.46 12
2904.00 7.67 12
2964.50 7.42 12
3025.00 7.64 11
3085.50 7.85 10
3146.00 8.05 11
3206.50 8.35 10
3267.00 8.20 10
3327.50 8.28 9
3388.00 8.28 9
3448.50 8.89 9
3509.00 8.25 8
3569.50 8.28 9
3630.00 8.56 8
3690.50 8.44 8
3751.00 8.21 7
3811.50 8.19 8
3872.00 8.29 7
3932.50 8.06 9
3993.00 8.23 11
4053.50 7.68 11
4114.00 8.41 11
4174.50 8.00 11
4235.00 8.23 11
4295.50 8.09 11
4356.00 8.14 11
4416.50 7.77 11
4477.00 7.82 11
4537.50 8.41 11
4598.00 8.50 10
4658.50 8.25 10
4719.00 8.25 10
4779.50 8.45 10
4840.00 8.30 10
4900.50 8.44 9
4961.00 8.39 9
5021.50 8.60 10
5082.00 8.39 9
5142.50 8.05 10
5203.00 8.30 10
5263.50 8.00 10
5324.00 8.10 10
5384.50 8.00 10
5445.00 8.20 10
5505.50 8.44 9
5566.00 8.22 9
5626.50 8.60 10
5687.00 8.33 9
5747.50 8.60 10
5808.00 8.30 10
5868.50 7.95 10
5929.00 8.40 10
5989.50 8.40 10
6050.00 8.25 10
6110.50 8.33 9
6171.00 8.17 9
6231.50 8.20 10
6292.00 8.22 9
6352.50 8.15 10
6413.00 8.10 10
6473.50 7.85 10
6534.00 8.10 10
6594.50 8.15 10
6655.00 8.35 10
6715.50 8.17 9
6776.00 8.28 9
6836.50 8.40 10
6897.00 8.33 9
6957.50 8.44 9
7018.00 8.25 8
7078.50 8.72 9
7139.00 8.50 9
7199.50 8.56 8
7260.00 8.69 8
7320.50 8.44 8
7381.00 8.39 9
7441.50 8.62 8
7502.00 8.44 8
7562.50 8.28 9
7623.00 8.50 9
7683.50 8.22 9
7744.00 8.35 10
7804.50 8.33 9
7865.00 6.86 7
7925.50 8.00 7
7986.00 6.79 7
8046.50 7.58 6
8107.00 7.57 7
8167.50 8.31 8
8228.00 8.22 9
8288.50 8.28 9
8349.00 8.44 8
8409.50 8.28 9
8470.00 8.17 9
8530.50 8.30 10
8591.00 8.44 9
8651.50 8.22 9
8712.00 8.22 9
8772.50 8.60 10
8833.00 8.22 9
8893.50 8.61 9
8954.00 8.30 10
9014.50 8.33 9
9075.00 8.22 9
9135.50 8.35 10
9196.00 8.11 9
9256.50 8.33 9
9317.00 8.35 10
9377.50 8.17 9
9438.00 8.17 9
9498.50 8.30 10
9559.00 8.39 9
9619.50 8.44 9
9680.00 8.67 9
9740.50 8.38 8
9801.00 8.33 9
9861.50 8.44 9
9922.00 8.19 8
9982.50 7.75 6
10043.00 8.67 6
10103.50 8.21 7
10164.00 8.08 6
10224.50 7.79 7
10285.00 8.56 8
10345.50 8.50 8
10406.00 8.56 8
10466.50 8.44 8
10527.00 8.50 8
10587.50 6.92 6
10648.00 7.71 7
10708.50 8.17 6
10769.00 8.29 7
10829.50 9.17 6
10890.00 8.21 7
10950.50 7.92 6
11011.00 7.64 7
11071.50 7.92 6
11132.00 11.93 7
11192.50 9.57 7
11253.00 9.42 6
11313.50 9.38 8
11374.00 8.25 6
11434.50 9.36 7
11495.00 8.00 5
11555.50 10.10 5
11616.00 10.50 6
11676.50 7.33 6
11737.00 7.50 5
11797.50 6.50 6
11858.00 6.50 6
11918.50 6.50 6
11979.00 9.70 5
12039.50 9.30 5
12100.00 9.88 4
12160.50 10.30 5
12221.00 8.50 5
12281.50 7.88 4
12342.00 7.80 5
12402.50 9.10 5
12463.00 10.92 6
12523.50 11.20 5
12584.00 8.20 5
12644.50 10.30 5
12705.00 9.00 7
12765.50 10.00 5
12826.00 10.00 6
12886.50 8.92 6
12947.00 8.25 6
13007.50 9.00 7
13068.00 7.86 7
13128.50 8.58 6
13189.00 8.79 7
13249.50 9.29 7
13310.00 9.12 8
13370.50 9.31 8
13431.00 9.00 7
13491.50 9.36 7
13552.00 8.55 11
13612.50 8.18 11
13673.00 7.77 11
13733.50 8.23 11
13794.00 8.32 11
13854.50 9.57 7
13915.00 8.71 7
13975.50 9.92 6
14036.00 9.08 6
14096.50 9.21 7
14157.00 10.40 5
14217.50 10.50 5
14278.00 9.88 4
14338.50 8.67 6
14399.00 9.38 4
14459.50 8.28 9
14520.00 8.22 9
14580.50 8.20 10
14641.00 8.28 9
14701.50 8.11 9
14762.00 10.14 7
14822.50 7.50 7
14883.00 8.33 6
14943.50 8.33 6
15004.00 10.00 6
15064.50 8.55 10
15125.00 8.35 10
15185.50 8.05 10
15246.00 8.00 11
15306.50 8.05 10
15367.00 8.50 8
15427.50 8.33 9
15488.00 8.44 9
15548.50 8.25 8
15609.00 8.28 9
15669.50 9.58 6
15730.00 8.42 6
15790.50 8.67 6
15851.00 8.17 6
15911.50 9.08 6
15972.00 11.30 5
16032.50 11.00 5
16093.00 8.80 5
16153.50 8.50 5
16214.00 7.30 5
16274.50 8.50 9
16335.00 9.19 8
16395.50 8.69 8
16456.00 9.00 8
16516.50 8.69 8
16577.00 8.44 9
16637.50 8.75 8
16698.00 8.72 9
16758.50 8.38 8
16819.00 8.33 9
16879.50 8.61 9
16940.00 8.56 8
17000.50 8.78 9
17061.00 8.56 9
17121.50 8.72 9
17182.00 8.10 10
17242.50 7.85 10
17303.00 7.75 10
17363.50 8.65 10
17424.00 8.67 9
17484.50 19.62 8
17545.00 8.62 8
17605.50 8.64 7
17666.00 8.62 8
17726.50 8.71 7
17787.00 8.72 9
17847.50 8.83 9
17908.00 9.12 8
17968.50 8.78 9
18029.00 8.67 9
18089.50 8.75 8
18150.00 8.50 8
18210.50 8.44 8
18271.00 8.81 8
18331.50 8.29 7
18392.00 7.92 6
18452.50 8.71 7
18513.00 7.92 6
18573.50 9.00 5
18634.00 8.56 8
18694.50 8.22 9
18755.00 8.60 10
18815.50 8.39 9
18876.00 8.11 9
18936.50 8.39 9
18997.00 8.94 9
19057.50 8.69 8
19118.00 8.89 9
19178.50 8.28 9
19239.00 10.00 6
19299.50 14.25 4
19360.00 11.00 4
19420.50 8.00 3
19481.00 9.60 5
19541.50 9.38 4
19602.00 9.20 5
19662.50 9.80 5
19723.00 9.40 5
19783.50 9.38 4
19844.00 10.08 6
19904.50 9.08 6
19965.00 8.67 6
20025.50 9.75 6
20086.00 7.80 5
20146.50 11.00 8
20207.00 9.25 6
20267.50 8.79 7
20328.00 9.14 7
20388.50 9.17 6
20449.00 9.12 8
20509.50 8.50 7
20570.00 8.62 8
20630.50 8.50 7
20691.00 9.12 8
20751.50 8.81 8
20812.00 8.22 9
20872.50 8.78 9
20933.00 8.50 8
20993.50 8.28 9
21054.00 8.33 9
21114.50 8.22 9
21175.00 8.15 10
21235.50 8.06 9
21296.00 8.17 9
21356.50 7.73 11
21417.00 8.32 11
21477.50 7.77 11
21538.00 7.82 11
21598.50 7.73 11
