5 minutes	Lane 1 Speed (mph)	Lane 2 Speed (mph)	Lane 3 Speed (mph)	Lane 4 Speed (mph)	Speed (mph)	# Lane Points	% Observed
04/06/2011 00:00	74.8	71	67.4	62.8	69.6	4	100
04/06/2011 00:05	72.6	68.6	65.9	59.7	66.3	4	100
04/06/2011 00:10	71.6	67.1	60.9	58.5	64.4	4	100
04/06/2011 00:15	70.6	65.5	64.2	57.8	64.9	4	100
04/06/2011 00:20	69.5	62.8	60.1	57.6	62.7	4	100
04/06/2011 00:25	66.9	62.2	55.2	58.1	60.5	4	100
04/06/2011 00:30	65.4	59.5	52	57.4	58.2	4	100
04/06/2011 00:35	64	58.9	52.6	56.9	58.7	4	100
04/06/2011 00:40	63.6	58.6	51.5	54.8	57.2	4	100
04/06/2011 00:45	63.4	58.4	50.6	53.3	55.8	4	100
04/06/2011 00:50	63.5	58.9	51.8	53.9	57.1	4	100
04/06/2011 00:55	62.9	58.9	53.4	58.4	57.8	4	100
04/06/2011 01:00	62.8	58.7	53.6	59.9	58	4	100
04/06/2011 01:05	63.1	58.9	53.7	57.9	58.3	4	100
04/06/2011 01:10	63.4	58.6	51.5	58.4	58.2	4	100
04/06/2011 01:15	63.5	56.6	50.5	57	56.2	4	100
04/06/2011 01:20	63.3	57	48.2	58	54.3	4	100
04/06/2011 01:25	63.3	56.7	48.9	56.5	53.4	4	100
04/06/2011 01:30	62.9	57.4	50.3	56.2	56.2	4	100
04/06/2011 01:35	62.9	57.6	49.2	57.2	55.8	4	100
04/06/2011 01:40	62.7	58.1	49	55.4	55.3	4	100
04/06/2011 01:45	62.9	58.4	49.6	54.7	55.2	4	100
04/06/2011 01:50	62.8	58	49.9	53.8	55.3	4	100
04/06/2011 01:55	62.5	58.6	50.8	52.7	55.7	4	100
04/06/2011 02:00	63	58.1	54.5	52.8	56.8	4	100
04/06/2011 02:05	63.2	58.9	57.2	52.2	57.9	4	100
04/06/2011 02:10	62.3	59.1	56.6	50.9	56.9	4	100
04/06/2011 02:15	62.5	57.6	54.5	49.2	56.4	4	100
04/06/2011 02:20	62.1	57.7	53.3	48.1	56.4	4	100
04/06/2011 02:25	61.8	57.6	51.2	48.7	57.2	4	100
04/06/2011 02:30	61.4	55.1	48.8	48.3	53.4	4	100
04/06/2011 02:35	61.6	54.1	49.4	48.3	53.9	4	100
04/06/2011 02:40	61.5	54.4	48.9	48	53.3	4	100
04/06/2011 02:45	61.3	54.9	49.4	47.3	54.1	4	100
04/06/2011 02:50	60.3	55.4	47.9	46.8	52	4	100
04/06/2011 02:55	59.9	55.9	48.1	47.3	51.7	4	100
04/06/2011 03:00	59.5	56.4	46.7	47.3	54.4	4	100
04/06/2011 03:05	59.4	54.8	47	47.1	52	4	100
04/06/2011 03:10	59.7	54.9	46.5	47.1	52	4	100
04/06/2011 03:15	60	54.6	43.6	47.2	49.6	4	100
04/06/2011 03:20	60.2	55	41.1	46	50.6	4	100
04/06/2011 03:25	60.1	54.2	42.6	45	50.2	4	100
04/06/2011 03:30	59.5	55.4	43.5	46.5	51.8	4	100
04/06/2011 03:35	58.6	55.1	45.4	46	51.2	4	100
04/06/2011 03:40	59.4	55.9	47.3	46	54.6	4	100
04/06/2011 03:45	59.8	56.2	46.9	49.1	53.1	4	100
04/06/2011 03:50	60	56.5	46.1	50.6	54.8	4	100
04/06/2011 03:55	60.7	56.8	46.2	49.5	53.5	4	100
04/06/2011 04:00	60.6	54.9	47.6	48.7	53.9	4	100
04/06/2011 04:05	60.5	55.1	49.2	48	54.2	4	100
04/06/2011 04:10	60.2	55.5	47.8	48.2	53.9	4	100
04/06/2011 04:15	61.5	56.6	47.6	48.7	55	4	100
04/06/2011 04:20	61.3	57.1	47.3	47.6	53.8	4	100
04/06/2011 04:25	61.5	57.7	48.6	47	55	4	100
04/06/2011 04:30	61.5	55.3	47	51.1	55.1	4	100
04/06/2011 04:35	61.4	56.5	46.2	50.5	55.1	4	100
04/06/2011 04:40	61.4	55.9	46.7	50.1	55.4	4	100
04/06/2011 04:45	62.5	57.6	49.3	48.5	56.2	4	100
04/06/2011 04:50	63.1	56.3	48.3	48.1	56.2	4	100
04/06/2011 04:55	62.3	56.9	47.8	47.9	55.8	4	100
04/06/2011 05:00	61.5	56.3	45.7	45.2	54.4	4	100
04/06/2011 05:05	61.2	57	48	46.3	55.2	4	100
04/06/2011 05:10	61.1	55.5	45.5	47.8	54.9	4	100
04/06/2011 05:15	60.4	56.1	52.4	48.7	56.2	4	100
04/06/2011 05:20	58.5	56.6	52.2	48.9	55.6	4	100
04/06/2011 05:25	58.5	58.3	54.1	50.4	56.7	4	100
04/06/2011 05:30	58.8	58.3	53.6	51.4	56.8	4	100
04/06/2011 05:35	57.5	56.5	52	51.3	55.3	4	100
04/06/2011 05:40	59.1	56.6	52.7	47.7	55.6	4	100
04/06/2011 05:45	59.2	55.2	58.4	54.4	57.3	4	100
04/06/2011 05:50	59.8	56.9	60.5	53.6	58.1	4	100
04/06/2011 05:55	59.1	56.4	57.9	52.5	57.2	4	100
04/06/2011 06:00	58.5	56	54	50.6	55.6	4	100
04/06/2011 06:05	59.1	57.2	51.7	48	55.4	4	100
04/06/2011 06:10	55.3	53.7	51.5	48.4	52.9	4	100
04/06/2011 06:15	55	52.4	53.9	46.2	52.7	4	100
04/06/2011 06:20	42.6	46.2	48.5	41.4	44.8	4	100
04/06/2011 06:25	29.7	33.4	39	34.9	34	4	100
04/06/2011 06:30	39.1	40.5	39.7	35.4	38.9	4	100
04/06/2011 06:35	30.2	30.3	32.9	30	30.8	4	100
04/06/2011 06:40	27.3	29.7	33.4	29	29.8	4	100
04/06/2011 06:45	30.1	30.9	30.5	27.4	29.8	4	100
04/06/2011 06:50	31.2	31.7	30.3	27.5	30.3	4	100
04/06/2011 06:55	32.9	34	35.2	27.7	32.6	4	100
04/06/2011 07:00	27.4	27.9	28.3	24.5	27.1	4	100
04/06/2011 07:05	23.4	23.4	23.2	19.4	22.4	4	100
04/06/2011 07:10	20.3	22	22.3	18.1	20.6	4	100
04/06/2011 07:15	19.8	22.1	20.1	17.9	20	4	100
04/06/2011 07:20	18.8	19.5	18.6	15	18	4	100
04/06/2011 07:25	17.6	17.6	16.7	13.9	16.5	4	100
04/06/2011 07:30	12.9	12.6	12.4	11.1	12.2	4	100
04/06/2011 07:35	16.8	15.5	14.2	14.2	15.3	4	100
04/06/2011 07:40	15.9	14.4	13.4	14.3	14.5	4	100
04/06/2011 07:45	16.5	15.1	15	15	15.4	4	100
04/06/2011 07:50	17.5	15.7	15.1	14.7	15.9	4	100
04/06/2011 07:55	17.2	15.8	14.8	13.4	15.4	4	100
04/06/2011 08:00	14.8	13.5	11.7	11.4	13	4	100
04/06/2011 08:05	11.8	10.7	9	9.1	10.3	4	100
04/06/2011 08:10	11.9	10.9	8.4	10.6	10.6	4	100
04/06/2011 08:15	10.8	9.8	7.8	11.4	10.2	4	100
04/06/2011 08:20	10.6	9.5	7.7	10.8	9.8	4	100
04/06/2011 08:25	15.9	15.9	13.8	15.3	15.3	4	100
04/06/2011 08:30	17.7	19.3	18.2	16.2	17.9	4	100
04/06/2011 08:35	17.6	18.1	15.2	16	16.8	4	100
04/06/2011 08:40	16.2	16.7	12.5	13.3	14.8	4	100
04/06/2011 08:45	15	16.5	11.5	13.5	14.4	4	100
04/06/2011 08:50	20.4	20.7	13.6	16.8	18.2	4	100
04/06/2011 08:55	19.3	20.1	15.4	16	17.9	4	100
04/06/2011 09:00	20.9	21.5	16.1	19.7	19.8	4	100
04/06/2011 09:05	26.6	25.7	17.4	21.1	23.2	4	100
04/06/2011 09:10	18.7	17.4	12.9	15.3	16.3	4	100
04/06/2011 09:15	18.1	18.6	12.5	15.3	16.5	4	100
04/06/2011 09:20	40.8	39	19.8	22.3	32.8	4	100
04/06/2011 09:25	26.9	28.6	15.9	16.5	22.7	4	100
04/06/2011 09:30	36.2	36.1	21.1	23.7	30.6	4	100
04/06/2011 09:35	52.9	49	31.1	27.7	42.7	4	100
04/06/2011 09:40	21.8	20.6	14.8	16.9	18.9	4	0
04/06/2011 09:45	47.2	41.2	31.4	28.6	39.4	4	100
04/06/2011 09:50	56.1	51.3	37.3	34.5	46.4	4	100
04/06/2011 09:55	61.5	57	48.8	41.6	54	4	100
04/06/2011 10:00	62.1	56.3	45.1	39.4	51.3	4	100
04/06/2011 10:05	62.1	58.7	46.6	38	53.8	4	100
04/06/2011 10:10	62	58.7	44	39.4	52.8	4	100
04/06/2011 10:15	61.8	58.2	42.4	39	53.1	4	100
04/06/2011 10:20	62.1	58.6	37.2	38	52.2	4	100
04/06/2011 10:25	61	60.3	38.7	38.6	51.3	4	100
04/06/2011 10:30	61.3	59.2	40.7	39.7	52.7	4	100
04/06/2011 10:35	61.1	57.4	38.3	39.7	51.3	4	100
04/06/2011 10:40	62.1	58.9	37.4	42.4	52.1	4	100
04/06/2011 10:45	60.7	58	37.5	44.1	52	4	100
04/06/2011 10:50	59.5	57.7	33.8	43.6	51.1	4	100
04/06/2011 10:55	61.8	58.5	38.7	43.7	52.5	4	100
04/06/2011 11:00	62.8	59.1	38.5	42.4	52.6	4	100
04/06/2011 11:05	61.4	57.6	40.1	41.6	53.3	4	100
04/06/2011 11:10	60.6	60	42.7	43.6	53.8	4	100
04/06/2011 11:15	60.5	58.5	37.3	44.3	52.1	4	100
04/06/2011 11:20	60.8	57.6	41.7	43.3	52.6	4	0
04/06/2011 11:25	61.4	58.3	40.6	43.5	52.8	4	0
04/06/2011 11:30	61.6	57.7	29	48	51.2	4	100
04/06/2011 11:35	60.7	57.8	39.4	43.1	52.2	4	0
04/06/2011 11:40	60.1	57.3	38.1	44	51.7	4	0
04/06/2011 11:45	60.6	58.1	42	44.8	52.7	4	0
04/06/2011 11:50	60.3	57.5	39.4	46.8	52.8	4	0
04/06/2011 11:55	64.9	55.8	39.5	41.5	51.8	4	100
04/06/2011 12:00	63.2	56.8	36.7	42.9	51.8	4	100
04/06/2011 12:05	61.2	56.8	36.2	45.5	51.7	4	100
04/06/2011 12:10	61.3	57.7	38.3	48.2	52.8	4	100
04/06/2011 12:15	61.5	57.6	38.5	47.7	53.1	4	100
04/06/2011 12:20	61.8	57.1	41.4	45.8	52.9	4	100
04/06/2011 12:25	61.2	56.6	39.6	45.6	52.3	4	100
04/06/2011 12:30	60.6	57.5	39.9	46.3	52.7	4	100
04/06/2011 12:35	61.5	58.5	39	46.7	53.5	4	100
04/06/2011 12:40	61	56.8	38.2	48.2	52.2	4	100
04/06/2011 12:45	62	58.7	40.5	46.5	54	4	100
04/06/2011 12:50	61.1	57.6	39.6	46.2	52.6	4	100
04/06/2011 12:55	60	57.4	39.5	47.5	52.5	4	100
04/06/2011 13:00	60.8	58	42	47.1	53.1	4	100
04/06/2011 13:05	60.1	56.9	42.6	44.5	53.1	4	100
04/06/2011 13:10	60.7	57	42.9	44.9	52.6	4	100
04/06/2011 13:15	61.1	57.9	49.4	45.8	54.5	4	100
04/06/2011 13:20	61.3	57.5	45.9	46.8	54.6	4	100
04/06/2011 13:25	61.6	57.8	42.6	46.9	53.7	4	100
04/06/2011 13:30	62.2	58.2	41.3	46.6	53.8	4	100
04/06/2011 13:35	62	57.5	41.2	46.7	53.7	4	100
04/06/2011 13:40	60.4	57	39.9	49	53.4	4	100
04/06/2011 13:45	60.9	57.5	47.1	50.2	55	4	100
04/06/2011 13:50	61.1	57.9	45.8	49.6	54.7	4	100
04/06/2011 13:55	61.1	53.9	43.2	47.4	53	4	100
04/06/2011 14:00	61.4	56.4	43.2	47.5	53.3	4	100
04/06/2011 14:05	61.4	57.5	50.8	49.2	56	4	100
04/06/2011 14:10	61	57.8	52.5	46.8	55.8	4	100
04/06/2011 14:15	60.7	57.9	52.1	45.8	55.3	4	100
04/06/2011 14:20	60.8	58.4	50.1	46.8	55.3	4	100
04/06/2011 14:25	60	57.7	49.2	47.9	54.9	4	100
04/06/2011 14:30	61	57.2	47.1	49.1	54.8	4	100
04/06/2011 14:35	60.3	57.3	49.3	49.4	55.3	4	100
04/06/2011 14:40	61	57.9	44.6	48.9	54.2	4	100
04/06/2011 14:45	60.7	56.4	46.1	48.8	54.4	4	100
04/06/2011 14:50	60.8	56.5	46.1	49.7	54.2	4	100
04/06/2011 14:55	60.2	57.4	44.2	49.8	54.3	4	100
04/06/2011 15:00	61.7	58.1	49.4	49.4	55.9	4	100
04/06/2011 15:05	60.8	58	46.2	49.9	54.9	4	100
04/06/2011 15:10	61.6	58.8	50.5	50.2	56.2	4	100
04/06/2011 15:15	61.9	57.2	48.6	50.9	55.6	4	100
04/06/2011 15:20	61.8	58.8	48.8	50.7	56.2	4	100
04/06/2011 15:25	61.5	58.9	51.3	52.2	56.8	4	100
04/06/2011 15:30	61.9	59.3	53.5	49.5	57.1	4	100
04/06/2011 15:35	61.9	59.5	50.9	50.6	56.8	4	100
04/06/2011 15:40	60.8	58.3	48.5	51.8	55.8	4	100
04/06/2011 15:45	59.7	56.9	46	49.5	54.5	4	100
04/06/2011 15:50	44.7	44.6	39.7	48.5	44.3	4	100
04/06/2011 15:55	56.1	52.9	44	52.1	51.7	4	100
04/06/2011 16:00	61.5	57.8	54	50.1	56.9	4	100
04/06/2011 16:05	61.6	59.1	53.1	50	57	4	100
04/06/2011 16:10	61.5	58.4	53.7	49.6	56.9	4	100
04/06/2011 16:15	63	58.5	58.1	50.5	58.4	4	100
04/06/2011 16:20	63.5	59.5	61.7	51	59.9	4	100
04/06/2011 16:25	63.4	59.9	55	50.5	58.3	4	100
04/06/2011 16:30	62.6	59.8	60	49.4	59.1	4	100
04/06/2011 16:35	63.1	60	52.9	51.9	58.2	4	100
04/06/2011 16:40	48.4	45.9	44.7	47.8	46.8	4	100
04/06/2011 16:45	47.7	45.3	45.7	44.8	46	4	100
04/06/2011 16:50	43.7	45.4	45.9	47.2	45.3	4	100
04/06/2011 16:55	38.2	40.4	41.8	43	40.5	4	100
04/06/2011 17:00	33	35.7	38.2	41.4	36.5	4	100
04/06/2011 17:05	26.5	30.3	34.2	38.9	32.1	4	100
04/06/2011 17:10	34	32.9	34.9	39.5	35	4	100
04/06/2011 17:15	51.6	47.5	40.6	45.4	46.9	4	100
04/06/2011 17:20	40	36.6	35.5	39.4	37.9	4	100
04/06/2011 17:25	28.6	25.3	25.5	27.4	26.8	4	100
04/06/2011 17:30	26.2	24.4	25.9	27.4	25.9	4	100
04/06/2011 17:35	27.4	28.1	29.6	32.7	29.2	4	100
04/06/2011 17:40	32.1	32.1	36.7	34.8	33.7	4	100
04/06/2011 17:45	34	33.5	39.4	34.1	35.1	4	100
04/06/2011 17:50	34.7	33.4	37.3	33.5	34.6	4	100
04/06/2011 17:55	50.2	46.3	39.5	41.5	45.2	4	100
04/06/2011 18:00	39.1	37.9	33.3	38.3	37.4	4	100
04/06/2011 18:05	30.2	28.9	31.1	37.2	31.7	4	100
04/06/2011 18:10	34.7	33.1	36.2	39.7	35.7	4	100
04/06/2011 18:15	34.3	30.7	31.7	41.4	34.3	4	100
04/06/2011 18:20	31.7	33.2	36.4	40.3	34.9	4	100
04/06/2011 18:25	48	45.3	44.2	44.6	45.8	4	100
04/06/2011 18:30	59.6	55.1	48.4	50.7	54.3	4	100
04/06/2011 18:35	63.6	58.8	50.8	53.5	57.5	4	100
04/06/2011 18:40	64.6	58.8	55.5	54	58.9	4	100
04/06/2011 18:45	65.1	60.5	55	55.2	59.8	4	100
04/06/2011 18:50	66.2	61.4	56	52.5	60.1	4	100
04/06/2011 18:55	65.8	60.7	61.5	53.5	61.3	4	100
04/06/2011 19:00	65	60.9	61	50.8	60.6	4	100
04/06/2011 19:05	64.9	61.4	59.5	50.4	59.9	4	100
04/06/2011 19:10	64.7	62.1	57.8	51.8	60.1	4	100
04/06/2011 19:15	64.5	61.4	53.4	51.1	58.7	4	100
04/06/2011 19:20	64.3	61.1	53.4	52.5	58.9	4	100
04/06/2011 19:25	63.5	60.4	55.5	55.1	58.9	4	100
04/06/2011 19:30	63.3	61.2	57.7	55	60.1	4	100
04/06/2011 19:35	62.8	61.4	60.1	53.7	60.1	4	100
04/06/2011 19:40	63.1	60.6	63.2	53.1	60.8	4	100
04/06/2011 19:45	63.4	60.5	61.5	54.9	60.6	4	100
04/06/2011 19:50	63.4	59	58.7	55.1	59.5	4	100
04/06/2011 19:55	63.2	59.2	59.2	54.2	59.4	4	100
04/06/2011 20:00	62.5	59.1	53.9	52.7	57.9	4	100
04/06/2011 20:05	62.5	58.7	53.7	49.5	57.1	4	100
04/06/2011 20:10	62.8	58	51.9	50.7	56.5	4	100
04/06/2011 20:15	62.6	58.8	50.5	54.3	57.4	4	100
04/06/2011 20:20	62.3	58.7	52.6	53.3	57	4	100
04/06/2011 20:25	62.9	59	56.8	54.7	58.7	4	100
04/06/2011 20:30	62.4	58.4	55.9	52.1	57.9	4	100
04/06/2011 20:35	61.9	58.9	50.6	49.5	56.5	4	100
04/06/2011 20:40	62.2	58.8	50.7	49.5	56.8	4	100
04/06/2011 20:45	62.6	58.7	48.4	52.1	56.1	4	100
04/06/2011 20:50	63.8	58.1	48.5	49.9	55.9	4	100
04/06/2011 20:55	64.5	57.7	51.6	47.6	55.9	4	100
04/06/2011 21:00	63.8	58.3	50	47.3	56.3	4	100
04/06/2011 21:05	62.5	58.5	49.7	50.4	55.9	4	100
04/06/2011 21:10	62.1	57	46.6	47.6	54.4	4	100
04/06/2011 21:15	63	58.2	51	50.1	56.3	4	100
04/06/2011 21:20	62.8	58.6	49.7	49.3	56.3	4	100
04/06/2011 21:25	63	58.4	54.6	47.1	56.7	4	100
04/06/2011 21:30	62.8	59.1	55.5	49.8	57.7	4	100
04/06/2011 21:35	62.3	59.5	57.3	48	58	4	100
04/06/2011 21:40	62.5	59.2	59.4	46.4	58.1	4	100
04/06/2011 21:45	61.1	58.3	55.7	47.3	56.8	4	100
04/06/2011 21:50	61.7	57.5	52.5	48.4	56.1	4	100
04/06/2011 21:55	61.5	56.3	50.6	54	55.7	4	100
04/06/2011 22:00	62.8	57.4	57.1	55	58.3	4	100
04/06/2011 22:05	63.3	58.4	52.2	53.5	57.8	4	100
04/06/2011 22:10	63.3	59.3	52.6	53.4	57.7	4	100
04/06/2011 22:15	63.3	59.3	48.4	53	56.8	4	100
04/06/2011 22:20	63	57.9	48.5	55.1	56.3	4	100
04/06/2011 22:25	63.4	58.4	52.3	53.2	57.5	4	100
04/06/2011 22:30	62.6	57.1	56.8	50.9	57.7	4	100
04/06/2011 22:35	63	58.1	56.1	48.4	57.1	4	100
04/06/2011 22:40	62.7	57.7	51	50.5	56.2	4	100
04/06/2011 22:45	63.2	59.1	52.2	50.5	56.8	4	100
04/06/2011 22:50	62.8	59.7	53.1	54.8	58	4	100
04/06/2011 22:55	62.4	58.3	47.3	51.2	55.6	4	100
04/06/2011 23:00	62.1	58.2	47.7	51.4	55.1	4	100
04/06/2011 23:05	62.4	58.3	47.7	55.1	55.3	4	100
04/06/2011 23:10	62	58.8	54.4	51.5	56.8	4	100
04/06/2011 23:15	62.9	59.6	53	50.4	57.7	4	100
04/06/2011 23:20	62.8	58.7	54.2	50.1	57.1	4	100
04/06/2011 23:25	62.3	58.3	51.4	50.7	55.7	4	100
04/06/2011 23:30	62.2	58.4	49.2	48.4	55.5	4	100
04/06/2011 23:35	62.2	59	50.5	46.7	55.2	4	100
04/06/2011 23:40	61.7	59.2	47.7	46	54.4	4	100
04/06/2011 23:45	61.7	59.2	49.5	46.5	54.5	4	100
04/06/2011 23:50	61.9	59.7	50.1	44.8	54.5	4	100
04/06/2011 23:55	61.2	59.5	48.3	46.9	54.2	4	100

