60.50 178.51
121.00 1011.57
181.50 1011.57
242.00 1071.07
302.50 952.07
363.00 952.07
423.50 1428.10
484.00 1011.57
544.50 833.06
605.00 1011.57
665.50 1071.07
726.00 1130.58
786.50 1190.08
847.00 1368.60
907.50 1011.57
968.00 1130.58
1028.50 1249.59
1089.00 1368.60
1149.50 1130.58
1210.00 1487.60
1270.50 1130.58
1331.00 1487.60
1391.50 1071.07
1452.00 892.56
1512.50 1368.60
1573.00 952.07
1633.50 1368.60
1694.00 1368.60
1754.50 1606.61
1815.00 1249.59
1875.50 1309.09
1936.00 892.56
1996.50 1785.12
2057.00 1190.08
2117.50 1487.60
2178.00 1428.10
2238.50 1249.59
2299.00 1487.60
2359.50 773.55
2420.00 1130.58
2480.50 595.04
2541.00 1487.60
2601.50 1368.60
2662.00 1785.12
2722.50 1071.07
2783.00 1428.10
2843.50 1309.09
2904.00 1130.58
2964.50 1249.59
3025.00 1309.09
3085.50 1130.58
3146.00 1547.11
3206.50 1666.12
3267.00 1071.07
3327.50 1130.58
3388.00 1428.10
3448.50 952.07
3509.00 1011.57
3569.50 1130.58
3630.00 1249.59
3690.50 1190.08
3751.00 1190.08
3811.50 1309.09
3872.00 1547.11
3932.50 1428.10
3993.00 1368.60
4053.50 1428.10
4114.00 1428.10
4174.50 833.06
4235.00 535.54
4295.50 1725.62
4356.00 1130.58
4416.50 1428.10
4477.00 1368.60
4537.50 1606.61
4598.00 1725.62
4658.50 1071.07
4719.00 1368.60
4779.50 1071.07
4840.00 1309.09
4900.50 1190.08
4961.00 1130.58
5021.50 1547.11
5082.00 1249.59
5142.50 1368.60
5203.00 1547.11
5263.50 1309.09
5324.00 1249.59
5384.50 1428.10
5445.00 1190.08
5505.50 1190.08
5566.00 1249.59
5626.50 1309.09
5687.00 1130.58
5747.50 1071.07
5808.00 1071.07
5868.50 1071.07
5929.00 833.06
5989.50 952.07
6050.00 833.06
6110.50 1249.59
6171.00 1130.58
6231.50 1190.08
6292.00 952.07
6352.50 892.56
6413.00 1368.60
6473.50 1071.07
6534.00 1428.10
6594.50 1130.58
6655.00 1130.58
6715.50 892.56
6776.00 1249.59
6836.50 1428.10
6897.00 1071.07
6957.50 1487.60
7018.00 1309.09
7078.50 952.07
7139.00 1130.58
7199.50 1071.07
7260.00 1249.59
7320.50 952.07
7381.00 1130.58
7441.50 952.07
7502.00 833.06
7562.50 714.05
7623.00 833.06
7683.50 1071.07
7744.00 773.55
7804.50 892.56
7865.00 833.06
7925.50 773.55
7986.00 654.55
8046.50 892.56
8107.00 714.05
8167.50 833.06
8228.00 833.06
8288.50 1249.59
8349.00 892.56
8409.50 714.05
8470.00 1071.07
8530.50 1190.08
8591.00 952.07
8651.50 714.05
8712.00 1190.08
8772.50 833.06
8833.00 892.56
8893.50 1190.08
8954.00 952.07
9014.50 773.55
9075.00 1011.57
9135.50 1249.59
9196.00 1071.07
9256.50 1071.07
9317.00 1071.07
9377.50 1190.08
9438.00 1487.60
9498.50 1071.07
9559.00 1071.07
9619.50 1190.08
9680.00 1071.07
9740.50 1130.58
9801.00 1071.07
9861.50 1130.58
9922.00 1368.60
9982.50 1011.57
10043.00 952.07
10103.50 952.07
10164.00 773.55
10224.50 833.06
10285.00 1011.57
10345.50 1011.57
10406.00 1071.07
10466.50 714.05
10527.00 1071.07
10587.50 1071.07
10648.00 1190.08
10708.50 1011.57
10769.00 1190.08
10829.50 1249.59
10890.00 952.07
10950.50 892.56
11011.00 1011.57
11071.50 1011.57
11132.00 1249.59
11192.50 1071.07
11253.00 1368.60
11313.50 1309.09
11374.00 1249.59
11434.50 1130.58
11495.00 1130.58
11555.50 773.55
11616.00 1130.58
11676.50 1130.58
11737.00 952.07
11797.50 1011.57
11858.00 833.06
11918.50 952.07
11979.00 892.56
12039.50 1011.57
12100.00 833.06
12160.50 1309.09
12221.00 952.07
12281.50 1190.08
12342.00 1071.07
12402.50 1071.07
12463.00 1309.09
12523.50 1249.59
12584.00 1309.09
12644.50 1190.08
12705.00 1487.60
12765.50 1011.57
12826.00 1071.07
12886.50 1011.57
12947.00 1190.08
13007.50 1190.08
13068.00 1368.60
13128.50 1071.07
13189.00 1130.58
13249.50 1130.58
13310.00 1071.07
13370.50 1011.57
13431.00 1011.57
13491.50 952.07
13552.00 1011.57
13612.50 1071.07
13673.00 1130.58
13733.50 1190.08
13794.00 1071.07
13854.50 892.56
13915.00 1309.09
13975.50 1368.60
14036.00 1309.09
14096.50 1190.08
14157.00 1071.07
14217.50 1071.07
14278.00 1071.07
14338.50 1071.07
14399.00 1011.57
14459.50 1071.07
14520.00 833.06
14580.50 1011.57
14641.00 1190.08
14701.50 1130.58
14762.00 1071.07
14822.50 1071.07
14883.00 1190.08
14943.50 1011.57
15004.00 1190.08
15064.50 1071.07
15125.00 1130.58
15185.50 1011.57
15246.00 773.55
15306.50 1071.07
15367.00 1130.58
15427.50 1130.58
15488.00 952.07
15548.50 833.06
15609.00 1130.58
15669.50 952.07
15730.00 1011.57
15790.50 1309.09
15851.00 1071.07
15911.50 1011.57
15972.00 1130.58
16032.50 1190.08
16093.00 1071.07
16153.50 1190.08
16214.00 952.07
16274.50 1130.58
16335.00 1428.10
16395.50 1249.59
16456.00 1368.60
16516.50 1190.08
16577.00 1130.58
16637.50 1190.08
16698.00 1249.59
16758.50 1368.60
16819.00 952.07
16879.50 1309.09
16940.00 1071.07
17000.50 1071.07
17061.00 1011.57
17121.50 1011.57
17182.00 1190.08
17242.50 1071.07
17303.00 1309.09
17363.50 952.07
17424.00 1130.58
17484.50 1249.59
17545.00 952.07
17605.50 1071.07
17666.00 1190.08
17726.50 1190.08
17787.00 1368.60
17847.50 773.55
17908.00 1309.09
17968.50 1011.57
18029.00 1071.07
18089.50 892.56
18150.00 1071.07
18210.50 952.07
18271.00 1071.07
18331.50 1249.59
18392.00 1130.58
18452.50 1249.59
18513.00 1130.58
18573.50 1130.58
18634.00 1190.08
18694.50 952.07
18755.00 1130.58
18815.50 1249.59
18876.00 1130.58
18936.50 892.56
18997.00 1071.07
19057.50 1130.58
19118.00 1309.09
19178.50 1309.09
19239.00 1071.07
19299.50 1249.59
19360.00 833.06
19420.50 1249.59
19481.00 892.56
19541.50 773.55
19602.00 1130.58
19662.50 952.07
19723.00 773.55
19783.50 952.07
19844.00 1071.07
19904.50 833.06
19965.00 1130.58
20025.50 1249.59
20086.00 1309.09
20146.50 1249.59
20207.00 1249.59
20267.50 1130.58
20328.00 1130.58
20388.50 952.07
20449.00 1249.59
20509.50 1071.07
20570.00 1011.57
20630.50 952.07
20691.00 952.07
20751.50 952.07
20812.00 1249.59
20872.50 1190.08
20933.00 1249.59
20993.50 1309.09
21054.00 1309.09
21114.50 1249.59
21175.00 1428.10
21235.50 1428.10
21296.00 1130.58
21356.50 1190.08
21417.00 1190.08
21477.50 1071.07
21538.00 1190.08
21598.50 1011.57
