60.50 1.25
121.00 16.93
181.50 16.97
242.00 18.20
302.50 16.72
363.00 16.68
423.50 18.63
484.00 18.42
544.50 16.39
605.00 16.21
665.50 19.43
726.00 18.38
786.50 16.68
847.00 17.98
907.50 21.12
968.00 19.90
1028.50 21.95
1089.00 23.87
1149.50 21.05
1210.00 21.70
1270.50 20.08
1331.00 23.22
1391.50 20.33
1452.00 19.93
1512.50 21.74
1573.00 19.72
1633.50 22.50
1694.00 22.46
1754.50 23.18
1815.00 25.71
1875.50 27.33
1936.00 23.15
1996.50 29.07
2057.00 23.33
2117.50 21.85
2178.00 24.70
2238.50 20.94
2299.00 22.64
2359.50 19.25
2420.00 24.55
2480.50 32.03
2541.00 34.74
2601.50 21.95
2662.00 26.25
2722.50 21.85
2783.00 23.18
2843.50 23.22
2904.00 20.55
2964.50 20.73
3025.00 21.67
3085.50 21.92
3146.00 26.21
3206.50 23.22
3267.00 23.54
3327.50 21.81
3388.00 24.70
3448.50 24.23
3509.00 21.67
3569.50 20.40
3630.00 21.59
3690.50 20.80
3751.00 20.76
3811.50 23.72
3872.00 21.16
3932.50 20.15
3993.00 20.91
4053.50 20.40
4114.00 20.80
4174.50 21.34
4235.00 23.43
4295.50 27.19
4356.00 21.92
4416.50 22.75
4477.00 23.94
4537.50 22.71
4598.00 24.73
4658.50 16.90
4719.00 20.87
4779.50 19.57
4840.00 18.85
4900.50 20.91
4961.00 20.04
5021.50 22.24
5082.00 21.23
5142.50 21.88
5203.00 19.86
5263.50 19.32
5324.00 19.10
5384.50 19.03
5445.00 19.79
5505.50 18.85
5566.00 16.86
5626.50 16.86
5687.00 15.53
5747.50 17.91
5808.00 17.98
5868.50 17.01
5929.00 13.54
5989.50 13.29
6050.00 15.74
6110.50 16.79
6171.00 16.65
6231.50 18.81
6292.00 19.14
6352.50 15.92
6413.00 20.47
6473.50 17.98
6534.00 18.31
6594.50 20.00
6655.00 18.78
6715.50 16.83
6776.00 20.33
6836.50 17.04
6897.00 16.65
6957.50 18.60
7018.00 19.35
7078.50 17.26
7139.00 18.74
7199.50 15.82
7260.00 21.34
7320.50 15.13
7381.00 17.66
7441.50 16.28
7502.00 16.83
7562.50 18.42
7623.00 13.54
7683.50 14.84
7744.00 14.70
7804.50 13.72
7865.00 14.08
7925.50 11.95
7986.00 10.40
8046.50 12.35
8107.00 10.65
8167.50 12.64
8228.00 15.67
8288.50 19.53
8349.00 17.22
8409.50 13.69
8470.00 18.27
8530.50 17.15
8591.00 14.44
8651.50 20.15
8712.00 16.79
8772.50 15.02
8833.00 17.95
8893.50 16.72
8954.00 15.53
9014.50 13.97
9075.00 16.93
9135.50 20.69
9196.00 17.91
9256.50 17.95
9317.00 18.45
9377.50 18.34
9438.00 19.75
9498.50 17.48
9559.00 16.54
9619.50 18.96
9680.00 18.99
9740.50 18.88
9801.00 16.14
9861.50 21.74
9922.00 19.61
9982.50 16.90
10043.00 18.99
10103.50 15.92
10164.00 14.80
10224.50 15.02
10285.00 18.20
10345.50 14.88
10406.00 18.56
10466.50 15.13
10527.00 17.84
10587.50 18.34
10648.00 17.04
10708.50 17.80
10769.00 17.69
10829.50 18.27
10890.00 18.16
10950.50 17.33
11011.00 18.13
11071.50 18.05
11132.00 17.62
11192.50 18.38
11253.00 20.94
11313.50 19.75
11374.00 20.98
11434.50 22.06
11495.00 17.22
11555.50 18.81
11616.00 16.03
11676.50 20.33
11737.00 17.15
11797.50 16.10
11858.00 13.32
11918.50 16.47
11979.00 14.23
12039.50 16.57
12100.00 14.48
12160.50 15.89
12221.00 17.12
12281.50 16.57
12342.00 16.10
12402.50 21.27
12463.00 15.24
12523.50 21.12
12584.00 19.28
12644.50 18.49
12705.00 19.43
12765.50 19.35
12826.00 20.29
12886.50 20.91
12947.00 20.87
13007.50 21.74
13068.00 16.54
13128.50 14.73
13189.00 17.69
13249.50 18.13
13310.00 15.38
13370.50 16.54
13431.00 17.33
13491.50 14.08
13552.00 15.74
13612.50 17.98
13673.00 19.39
13733.50 18.34
13794.00 16.83
13854.50 15.35
13915.00 21.05
13975.50 19.25
14036.00 20.37
14096.50 19.97
14157.00 20.33
14217.50 16.72
14278.00 18.38
14338.50 17.04
14399.00 16.07
14459.50 16.25
14520.00 17.40
14580.50 18.78
14641.00 16.79
14701.50 18.74
14762.00 18.38
14822.50 17.01
14883.00 16.32
14943.50 16.18
15004.00 17.98
15064.50 16.36
15125.00 16.43
15185.50 17.73
15246.00 16.39
15306.50 20.87
15367.00 17.08
15427.50 19.21
15488.00 16.97
15548.50 18.60
15609.00 18.42
15669.50 18.42
15730.00 18.88
15790.50 21.41
15851.00 19.57
15911.50 20.51
15972.00 21.56
16032.50 18.81
16093.00 20.58
16153.50 21.38
16214.00 18.34
16274.50 18.74
16335.00 21.09
16395.50 18.92
16456.00 19.07
16516.50 20.22
16577.00 19.72
16637.50 18.99
16698.00 20.76
16758.50 18.05
16819.00 19.61
16879.50 19.53
16940.00 18.92
17000.50 18.38
17061.00 15.20
17121.50 17.73
17182.00 19.21
17242.50 17.73
17303.00 19.61
17363.50 18.99
17424.00 17.19
17484.50 18.52
17545.00 17.87
17605.50 17.62
17666.00 18.49
17726.50 18.23
17787.00 20.58
17847.50 17.73
17908.00 17.15
17968.50 15.78
18029.00 18.63
18089.50 14.66
18150.00 19.53
18210.50 18.85
18271.00 17.73
18331.50 17.40
18392.00 16.28
18452.50 19.10
18513.00 18.31
18573.50 16.18
18634.00 14.44
18694.50 16.39
18755.00 18.88
18815.50 18.67
18876.00 18.99
18936.50 18.38
18997.00 20.83
19057.50 19.53
19118.00 21.38
19178.50 18.63
19239.00 20.15
19299.50 18.60
19360.00 15.13
19420.50 18.27
19481.00 18.13
19541.50 14.08
19602.00 18.42
19662.50 16.65
19723.00 14.01
19783.50 17.12
19844.00 16.28
19904.50 12.85
19965.00 22.17
20025.50 20.94
20086.00 20.80
20146.50 21.52
20207.00 17.30
20267.50 17.26
20328.00 18.34
20388.50 18.05
20449.00 18.85
20509.50 19.03
20570.00 18.13
20630.50 16.68
20691.00 17.55
20751.50 17.22
20812.00 17.62
20872.50 18.85
20933.00 17.51
20993.50 20.80
21054.00 17.04
21114.50 20.58
21175.00 20.94
21235.50 21.92
21296.00 20.87
21356.50 20.83
21417.00 19.64
21477.50 17.12
21538.00 20.18
21598.50 16.00
