60.50 0.93
121.00 13.33
181.50 14.71
242.00 15.58
302.50 14.82
363.00 15.04
423.50 15.40
484.00 15.00
544.50 14.89
605.00 14.78
665.50 17.90
726.00 15.58
786.50 15.91
847.00 14.39
907.50 17.94
968.00 17.54
1028.50 17.83
1089.00 19.86
1149.50 19.31
1210.00 20.36
1270.50 15.83
1331.00 17.57
1391.50 18.99
1452.00 18.55
1512.50 17.10
1573.00 21.27
1633.50 21.23
1694.00 20.25
1754.50 18.81
1815.00 21.20
1875.50 20.44
1936.00 21.49
1996.50 21.70
2057.00 21.45
2117.50 19.10
2178.00 19.82
2238.50 19.06
2299.00 19.20
2359.50 16.56
2420.00 20.44
2480.50 20.36
2541.00 22.79
2601.50 19.17
2662.00 22.32
2722.50 20.76
2783.00 18.70
2843.50 21.89
2904.00 20.00
2964.50 19.49
3025.00 19.53
3085.50 19.53
3146.00 22.32
3206.50 19.24
3267.00 19.49
3327.50 20.07
3388.00 20.15
3448.50 18.41
3509.00 19.13
3569.50 18.73
3630.00 18.26
3690.50 17.54
3751.00 16.74
3811.50 21.67
3872.00 19.60
3932.50 20.54
3993.00 17.43
4053.50 18.95
4114.00 19.20
4174.50 21.99
4235.00 18.55
4295.50 22.07
4356.00 21.41
4416.50 19.97
4477.00 19.39
4537.50 18.95
4598.00 21.02
4658.50 14.17
4719.00 18.01
4779.50 15.44
4840.00 16.49
4900.50 17.18
4961.00 17.43
5021.50 18.95
5082.00 19.78
5142.50 21.85
5203.00 18.12
5263.50 13.26
5324.00 15.80
5384.50 15.33
5445.00 17.07
5505.50 18.48
5566.00 15.87
5626.50 16.31
5687.00 16.49
5747.50 16.92
5808.00 9.75
5868.50 13.95
5929.00 10.44
5989.50 8.41
6050.00 8.01
6110.50 14.89
6171.00 18.44
6231.50 17.28
6292.00 15.91
6352.50 13.77
6413.00 16.89
6473.50 12.61
6534.00 16.34
6594.50 16.09
6655.00 16.16
6715.50 14.89
6776.00 18.01
6836.50 15.15
6897.00 15.47
6957.50 14.10
7018.00 18.19
7078.50 13.73
7139.00 12.97
7199.50 13.44
7260.00 16.78
7320.50 12.86
7381.00 15.07
7441.50 14.64
7502.00 13.59
7562.50 13.66
7623.00 8.55
7683.50 10.58
7744.00 9.60
7804.50 13.62
7865.00 11.63
7925.50 11.81
7986.00 10.54
8046.50 8.66
8107.00 8.77
8167.50 8.62
8228.00 9.67
8288.50 14.86
8349.00 12.03
8409.50 11.70
8470.00 14.93
8530.50 13.84
8591.00 10.51
8651.50 13.81
8712.00 12.50
8772.50 13.19
8833.00 15.11
8893.50 13.33
8954.00 12.10
9014.50 9.71
9075.00 12.46
9135.50 15.29
9196.00 16.85
9256.50 14.35
9317.00 16.78
9377.50 16.38
9438.00 16.60
9498.50 16.70
9559.00 13.84
9619.50 17.39
9680.00 18.15
9740.50 12.57
9801.00 16.16
9861.50 15.40
9922.00 15.22
9982.50 14.60
10043.00 13.19
10103.50 10.83
10164.00 13.33
10224.50 12.36
10285.00 13.70
10345.50 11.52
10406.00 15.33
10466.50 8.66
10527.00 13.77
10587.50 14.24
10648.00 16.27
10708.50 14.78
10769.00 16.63
10829.50 14.89
10890.00 15.00
10950.50 13.01
11011.00 13.23
11071.50 14.60
11132.00 16.09
11192.50 14.42
11253.00 17.65
11313.50 17.46
11374.00 15.76
11434.50 21.02
11495.00 16.74
11555.50 16.89
11616.00 17.79
11676.50 15.00
11737.00 13.84
11797.50 11.85
11858.00 14.78
11918.50 13.88
11979.00 12.61
12039.50 13.59
12100.00 14.20
12160.50 13.99
12221.00 15.87
12281.50 13.59
12342.00 12.46
12402.50 17.43
12463.00 18.66
12523.50 17.97
12584.00 17.39
12644.50 19.49
12705.00 17.65
12765.50 17.83
12826.00 18.37
12886.50 16.63
12947.00 17.25
13007.50 17.65
13068.00 11.85
13128.50 15.98
13189.00 14.86
13249.50 13.91
13310.00 12.72
13370.50 10.00
13431.00 13.66
13491.50 12.46
13552.00 13.52
13612.50 14.39
13673.00 14.78
13733.50 17.10
13794.00 15.04
13854.50 16.23
13915.00 20.22
13975.50 20.54
14036.00 16.67
14096.50 19.86
14157.00 15.11
14217.50 15.44
14278.00 16.70
14338.50 15.04
14399.00 14.75
14459.50 15.54
14520.00 17.07
14580.50 16.34
14641.00 13.26
14701.50 15.00
14762.00 17.10
14822.50 18.19
14883.00 14.64
14943.50 13.04
15004.00 16.74
15064.50 15.40
15125.00 13.81
15185.50 16.60
15246.00 17.57
15306.50 17.18
15367.00 12.10
15427.50 17.54
15488.00 15.04
15548.50 18.44
15609.00 14.60
15669.50 14.49
15730.00 18.48
15790.50 17.28
15851.00 16.09
15911.50 17.21
15972.00 17.86
16032.50 17.43
16093.00 17.83
16153.50 16.74
16214.00 17.14
16274.50 15.73
16335.00 20.62
16395.50 16.60
16456.00 17.21
16516.50 18.15
16577.00 18.33
16637.50 15.76
16698.00 18.84
16758.50 16.27
16819.00 15.91
16879.50 19.57
16940.00 17.75
17000.50 15.91
17061.00 15.25
17121.50 16.20
17182.00 15.76
17242.50 14.20
17303.00 18.15
17363.50 16.41
17424.00 14.35
17484.50 14.71
17545.00 13.99
17605.50 15.83
17666.00 15.22
17726.50 15.51
17787.00 16.41
17847.50 13.66
17908.00 17.46
17968.50 11.81
18029.00 16.70
18089.50 16.52
18150.00 16.92
18210.50 12.14
18271.00 14.24
18331.50 16.38
18392.00 15.11
18452.50 16.23
18513.00 14.57
18573.50 15.29
18634.00 12.17
18694.50 15.80
18755.00 13.59
18815.50 17.79
18876.00 16.02
18936.50 14.78
18997.00 17.61
19057.50 16.60
19118.00 18.48
19178.50 20.62
19239.00 18.70
19299.50 16.12
19360.00 13.04
19420.50 15.07
19481.00 12.57
19541.50 13.91
19602.00 15.44
19662.50 14.75
19723.00 14.17
19783.50 15.58
19844.00 13.73
19904.50 14.31
19965.00 20.73
20025.50 18.33
20086.00 17.36
20146.50 17.50
20207.00 17.14
20267.50 13.23
20328.00 14.82
20388.50 14.78
20449.00 14.96
20509.50 14.20
20570.00 14.13
20630.50 15.18
20691.00 15.87
20751.50 14.93
20812.00 16.60
20872.50 15.54
20933.00 14.60
20993.50 17.25
21054.00 15.18
21114.50 17.18
21175.00 15.83
21235.50 18.91
21296.00 15.76
21356.50 17.10
21417.00 18.66
21477.50 14.17
21538.00 17.86
21598.50 13.81
