60.50 59.50
121.00 1071.07
181.50 1309.09
242.00 1190.08
302.50 1309.09
363.00 1190.08
423.50 1011.57
484.00 1547.11
544.50 1190.08
605.00 1309.09
665.50 1249.59
726.00 1249.59
786.50 1487.60
847.00 1368.60
907.50 1368.60
968.00 1785.12
1028.50 1547.11
1089.00 1666.12
1149.50 1428.10
1210.00 1606.61
1270.50 1487.60
1331.00 1666.12
1391.50 1547.11
1452.00 1725.62
1512.50 1785.12
1573.00 1725.62
1633.50 1666.12
1694.00 1904.13
1754.50 1725.62
1815.00 1904.13
1875.50 1904.13
1936.00 1904.13
1996.50 1725.62
2057.00 1725.62
2117.50 1666.12
2178.00 1725.62
2238.50 1725.62
2299.00 1785.12
2359.50 1547.11
2420.00 1547.11
2480.50 1428.10
2541.00 1904.13
2601.50 1547.11
2662.00 1725.62
2722.50 1428.10
2783.00 1785.12
2843.50 1606.61
2904.00 1725.62
2964.50 1547.11
3025.00 1725.62
3085.50 1606.61
3146.00 1904.13
3206.50 1666.12
3267.00 1785.12
3327.50 1785.12
3388.00 1785.12
3448.50 1785.12
3509.00 1666.12
3569.50 1666.12
3630.00 1547.11
3690.50 1428.10
3751.00 1547.11
3811.50 1487.60
3872.00 1547.11
3932.50 1309.09
3993.00 1547.11
4053.50 1785.12
4114.00 1428.10
4174.50 1963.64
4235.00 1666.12
4295.50 1963.64
4356.00 1844.63
4416.50 1844.63
4477.00 1606.61
4537.50 1606.61
4598.00 1844.63
4658.50 1428.10
4719.00 1249.59
4779.50 1368.60
4840.00 892.56
4900.50 1368.60
4961.00 1666.12
5021.50 1606.61
5082.00 1666.12
5142.50 1487.60
5203.00 1487.60
5263.50 1249.59
5324.00 1428.10
5384.50 892.56
5445.00 1606.61
5505.50 1130.58
5566.00 1130.58
5626.50 1249.59
5687.00 1487.60
5747.50 1190.08
5808.00 892.56
5868.50 833.06
5929.00 773.55
5989.50 773.55
6050.00 952.07
6110.50 1309.09
6171.00 1309.09
6231.50 1190.08
6292.00 1368.60
6352.50 1547.11
6413.00 1487.60
6473.50 1368.60
6534.00 1071.07
6594.50 1130.58
6655.00 1190.08
6715.50 1249.59
6776.00 1725.62
6836.50 1011.57
6897.00 1309.09
6957.50 1130.58
7018.00 1071.07
7078.50 1249.59
7139.00 1487.60
7199.50 1368.60
7260.00 1428.10
7320.50 952.07
7381.00 1071.07
7441.50 1190.08
7502.00 1011.57
7562.50 1249.59
7623.00 892.56
7683.50 1011.57
7744.00 833.06
7804.50 654.55
7865.00 773.55
7925.50 773.55
7986.00 654.55
8046.50 773.55
8107.00 595.04
8167.50 535.54
8228.00 1190.08
8288.50 1071.07
8349.00 833.06
8409.50 1130.58
8470.00 1011.57
8530.50 1011.57
8591.00 892.56
8651.50 1368.60
8712.00 1011.57
8772.50 952.07
8833.00 892.56
8893.50 833.06
8954.00 714.05
9014.50 1190.08
9075.00 1071.07
9135.50 1071.07
9196.00 1071.07
9256.50 1071.07
9317.00 1487.60
9377.50 1487.60
9438.00 1071.07
9498.50 1249.59
9559.00 1309.09
9619.50 1190.08
9680.00 1428.10
9740.50 1190.08
9801.00 1190.08
9861.50 1309.09
9922.00 1130.58
9982.50 1011.57
10043.00 1190.08
10103.50 892.56
10164.00 833.06
10224.50 1249.59
10285.00 892.56
10345.50 1249.59
10406.00 1011.57
10466.50 1249.59
10527.00 1130.58
10587.50 833.06
10648.00 1249.59
10708.50 1011.57
10769.00 1071.07
10829.50 1071.07
10890.00 1309.09
10950.50 1309.09
11011.00 1428.10
11071.50 1130.58
11132.00 1071.07
11192.50 1309.09
11253.00 1844.63
11313.50 1368.60
11374.00 1487.60
11434.50 2023.14
11495.00 1666.12
11555.50 1190.08
11616.00 952.07
11676.50 1309.09
11737.00 1428.10
11797.50 1249.59
11858.00 952.07
11918.50 892.56
11979.00 1011.57
12039.50 1071.07
12100.00 1368.60
12160.50 1130.58
12221.00 1130.58
12281.50 1130.58
12342.00 1368.60
12402.50 1249.59
12463.00 1487.60
12523.50 1547.11
12584.00 1368.60
12644.50 1547.11
12705.00 1428.10
12765.50 1547.11
12826.00 1725.62
12886.50 1547.11
12947.00 1844.63
13007.50 1190.08
13068.00 1368.60
13128.50 1428.10
13189.00 1190.08
13249.50 1428.10
13310.00 892.56
13370.50 1249.59
13431.00 773.55
13491.50 892.56
13552.00 952.07
13612.50 1547.11
13673.00 1368.60
13733.50 1309.09
13794.00 1368.60
13854.50 1130.58
13915.00 1309.09
13975.50 1606.61
14036.00 1487.60
14096.50 1725.62
14157.00 1547.11
14217.50 1368.60
14278.00 1130.58
14338.50 1309.09
14399.00 1309.09
14459.50 1071.07
14520.00 1428.10
14580.50 1428.10
14641.00 1130.58
14701.50 1368.60
14762.00 1368.60
14822.50 1309.09
14883.00 1071.07
14943.50 1368.60
15004.00 1190.08
15064.50 1428.10
15125.00 1011.57
15185.50 1428.10
15246.00 1190.08
15306.50 1249.59
15367.00 1368.60
15427.50 1487.60
15488.00 1190.08
15548.50 1547.11
15609.00 1309.09
15669.50 1428.10
15730.00 1547.11
15790.50 1547.11
15851.00 1487.60
15911.50 1428.10
15972.00 1725.62
16032.50 1487.60
16093.00 1249.59
16153.50 1428.10
16214.00 1249.59
16274.50 1368.60
16335.00 1428.10
16395.50 1249.59
16456.00 1249.59
16516.50 1368.60
16577.00 1249.59
16637.50 1547.11
16698.00 1428.10
16758.50 1487.60
16819.00 1547.11
16879.50 1190.08
16940.00 1130.58
17000.50 1190.08
17061.00 1190.08
17121.50 1368.60
17182.00 1309.09
17242.50 1309.09
17303.00 1368.60
17363.50 1130.58
17424.00 1309.09
17484.50 1368.60
17545.00 1071.07
17605.50 1249.59
17666.00 1368.60
17726.50 1071.07
17787.00 1428.10
17847.50 833.06
17908.00 1547.11
17968.50 1190.08
18029.00 1428.10
18089.50 1190.08
18150.00 1309.09
18210.50 1249.59
18271.00 1071.07
18331.50 1368.60
18392.00 1249.59
18452.50 1428.10
18513.00 1487.60
18573.50 1011.57
18634.00 1249.59
18694.50 1071.07
18755.00 1309.09
18815.50 1368.60
18876.00 1190.08
18936.50 1428.10
18997.00 1368.60
19057.50 1606.61
19118.00 1487.60
19178.50 1428.10
19239.00 1487.60
19299.50 1487.60
19360.00 1130.58
19420.50 1487.60
19481.00 1309.09
19541.50 1130.58
19602.00 1309.09
19662.50 1130.58
19723.00 1249.59
19783.50 1190.08
19844.00 1428.10
19904.50 1130.58
19965.00 1606.61
20025.50 1666.12
20086.00 1428.10
20146.50 1606.61
20207.00 1368.60
20267.50 1368.60
20328.00 1249.59
20388.50 1368.60
20449.00 1190.08
20509.50 1428.10
20570.00 1011.57
20630.50 1428.10
20691.00 1130.58
20751.50 1368.60
20812.00 1428.10
20872.50 1190.08
20933.00 1011.57
20993.50 1368.60
21054.00 1249.59
21114.50 1428.10
21175.00 1487.60
21235.50 1487.60
21296.00 1547.11
21356.50 1368.60
21417.00 1368.60
21477.50 1130.58
21538.00 1249.59
21598.50 1428.10
