60.50 1.08
121.00 11.71
181.50 14.25
242.00 11.34
302.50 14.40
363.00 13.09
423.50 13.42
484.00 16.04
544.50 13.31
605.00 13.45
665.50 15.13
726.00 14.76
786.50 16.76
847.00 14.91
907.50 15.38
968.00 18.80
1028.50 15.74
1089.00 19.53
1149.50 15.05
1210.00 16.36
1270.50 17.74
1331.00 18.40
1391.50 16.94
1452.00 17.49
1512.50 19.20
1573.00 19.53
1633.50 18.33
1694.00 23.13
1754.50 20.29
1815.00 22.94
1875.50 21.60
1936.00 19.67
1996.50 21.05
2057.00 18.80
2117.50 17.74
2178.00 20.14
2238.50 20.03
2299.00 18.98
2359.50 16.00
2420.00 18.73
2480.50 16.84
2541.00 21.60
2601.50 15.56
2662.00 16.58
2722.50 19.63
2783.00 17.53
2843.50 19.96
2904.00 20.87
2964.50 16.07
3025.00 19.49
3085.50 17.85
3146.00 20.76
3206.50 18.00
3267.00 17.78
3327.50 19.38
3388.00 21.09
3448.50 19.49
3509.00 16.98
3569.50 16.80
3630.00 17.49
3690.50 17.74
3751.00 17.31
3811.50 18.14
3872.00 16.36
3932.50 15.53
3993.00 15.96
4053.50 17.74
4114.00 18.62
4174.50 24.00
4235.00 18.87
4295.50 21.71
4356.00 20.14
4416.50 20.94
4477.00 17.13
4537.50 17.89
4598.00 18.76
4658.50 13.93
4719.00 12.11
4779.50 13.85
4840.00 8.94
4900.50 16.04
4961.00 19.09
5021.50 18.11
5082.00 18.83
5142.50 17.85
5203.00 16.91
5263.50 13.78
5324.00 14.69
5384.50 12.25
5445.00 15.93
5505.50 12.69
5566.00 11.85
5626.50 13.78
5687.00 15.24
5747.50 13.34
5808.00 7.74
5868.50 8.84
5929.00 7.82
5989.50 8.14
6050.00 9.16
6110.50 12.29
6171.00 12.76
6231.50 13.82
6292.00 15.34
6352.50 15.49
6413.00 15.45
6473.50 13.34
6534.00 11.60
6594.50 12.94
6655.00 13.34
6715.50 14.29
6776.00 16.94
6836.50 9.64
6897.00 15.09
6957.50 11.02
7018.00 12.98
7078.50 12.91
7139.00 16.87
7199.50 14.22
7260.00 15.60
7320.50 9.78
7381.00 10.76
7441.50 11.60
7502.00 10.07
7562.50 11.45
7623.00 8.84
7683.50 9.74
7744.00 8.04
7804.50 7.31
7865.00 8.91
7925.50 7.60
7986.00 6.11
8046.50 8.54
8107.00 5.93
8167.50 5.85
8228.00 11.56
8288.50 11.67
8349.00 9.02
8409.50 9.78
8470.00 10.40
8530.50 10.87
8591.00 9.31
8651.50 14.69
8712.00 10.98
8772.50 7.93
8833.00 8.11
8893.50 9.71
8954.00 7.49
9014.50 11.42
9075.00 10.76
9135.50 11.16
9196.00 12.69
9256.50 12.98
9317.00 16.00
9377.50 15.38
9438.00 9.64
9498.50 12.44
9559.00 14.58
9619.50 13.16
9680.00 12.47
9740.50 11.71
9801.00 14.11
9861.50 15.31
9922.00 10.58
9982.50 12.76
10043.00 11.64
10103.50 9.89
10164.00 9.34
10224.50 12.87
10285.00 8.36
10345.50 14.11
10406.00 10.87
10466.50 12.25
10527.00 11.16
10587.50 9.20
10648.00 14.51
10708.50 9.60
10769.00 12.33
10829.50 10.91
10890.00 13.56
10950.50 14.22
11011.00 14.47
11071.50 10.11
11132.00 12.69
11192.50 12.14
11253.00 20.43
11313.50 16.25
11374.00 16.07
11434.50 25.60
11495.00 16.65
11555.50 13.78
11616.00 12.25
11676.50 14.40
11737.00 13.49
11797.50 12.94
11858.00 9.85
11918.50 10.36
11979.00 10.58
12039.50 13.56
12100.00 14.04
12160.50 11.31
12221.00 10.87
12281.50 12.22
12342.00 15.42
12402.50 14.65
12463.00 16.40
12523.50 17.34
12584.00 15.42
12644.50 19.89
12705.00 16.98
12765.50 15.71
12826.00 18.62
12886.50 17.49
12947.00 19.56
13007.50 14.07
13068.00 13.78
13128.50 15.56
13189.00 13.34
13249.50 14.36
13310.00 8.80
13370.50 11.96
13431.00 9.31
13491.50 9.02
13552.00 10.98
13612.50 15.82
13673.00 14.58
13733.50 13.96
13794.00 13.42
13854.50 11.89
13915.00 15.93
13975.50 17.82
14036.00 16.47
14096.50 20.18
14157.00 15.16
14217.50 14.00
14278.00 12.58
14338.50 15.74
14399.00 12.91
14459.50 11.60
14520.00 15.93
14580.50 14.87
14641.00 11.85
14701.50 13.85
14762.00 13.38
14822.50 15.56
14883.00 11.24
14943.50 13.64
15004.00 13.45
15064.50 13.05
15125.00 11.74
15185.50 14.91
15246.00 14.11
15306.50 14.58
15367.00 13.45
15427.50 14.94
15488.00 14.25
15548.50 16.14
15609.00 13.74
15669.50 15.64
15730.00 17.38
15790.50 16.33
15851.00 15.89
15911.50 16.33
15972.00 18.65
16032.50 15.09
16093.00 14.33
16153.50 16.29
16214.00 13.24
16274.50 13.27
16335.00 15.20
16395.50 13.31
16456.00 14.44
16516.50 14.94
16577.00 13.96
16637.50 17.49
16698.00 15.60
16758.50 13.13
16819.00 16.84
16879.50 15.02
16940.00 12.44
17000.50 12.04
17061.00 11.85
17121.50 15.71
17182.00 12.44
17242.50 12.07
17303.00 14.98
17363.50 12.84
17424.00 13.71
17484.50 12.62
17545.00 13.09
17605.50 12.94
17666.00 13.96
17726.50 12.69
17787.00 13.96
17847.50 10.47
17908.00 15.93
17968.50 12.18
18029.00 13.93
18089.50 12.69
18150.00 13.16
18210.50 13.53
18271.00 11.53
18331.50 14.73
18392.00 15.31
18452.50 16.00
18513.00 14.00
18573.50 10.54
18634.00 13.20
18694.50 12.76
18755.00 12.73
18815.50 14.76
18876.00 11.78
18936.50 17.64
18997.00 12.36
19057.50 19.16
19118.00 15.42
19178.50 13.71
19239.00 16.62
19299.50 15.85
19360.00 11.42
19420.50 14.62
19481.00 11.89
19541.50 12.54
19602.00 13.85
19662.50 11.45
19723.00 12.47
19783.50 12.91
19844.00 12.98
19904.50 13.27
19965.00 18.62
20025.50 17.64
20086.00 16.91
20146.50 16.07
20207.00 14.58
20267.50 14.73
20328.00 12.40
20388.50 13.82
20449.00 14.54
20509.50 14.22
20570.00 11.60
20630.50 13.74
20691.00 11.67
20751.50 15.34
20812.00 15.09
20872.50 11.89
20933.00 12.18
20993.50 14.44
21054.00 12.80
21114.50 16.14
21175.00 16.07
21235.50 16.36
21296.00 15.24
21356.50 16.80
21417.00 12.36
21477.50 15.27
21538.00 13.31
21598.50 13.93
