60.50 2.61
121.00 9.86
181.50 11.30
242.00 11.12
302.50 8.67
363.00 11.37
423.50 13.96
484.00 13.31
544.50 12.16
605.00 12.13
665.50 12.81
726.00 13.21
786.50 13.53
847.00 13.39
907.50 12.88
968.00 12.95
1028.50 14.29
1089.00 18.42
1149.50 15.11
1210.00 19.43
1270.50 12.77
1331.00 15.69
1391.50 14.25
1452.00 12.92
1512.50 14.00
1573.00 11.48
1633.50 19.54
1694.00 17.34
1754.50 27.46
1815.00 34.54
1875.50 29.29
1936.00 23.43
1996.50 27.82
2057.00 21.66
2117.50 15.08
2178.00 19.97
2238.50 15.69
2299.00 18.93
2359.50 26.45
2420.00 47.35
2480.50 41.74
2541.00 27.10
2601.50 21.16
2662.00 22.89
2722.50 15.19
2783.00 21.09
2843.50 20.65
2904.00 19.97
2964.50 14.79
3025.00 16.95
3085.50 19.40
3146.00 25.58
3206.50 30.80
3267.00 24.97
3327.50 26.27
3388.00 26.63
3448.50 27.42
3509.00 15.22
3569.50 14.61
3630.00 14.57
3690.50 14.47
3751.00 14.21
3811.50 19.29
3872.00 19.86
3932.50 15.54
3993.00 13.10
4053.50 16.91
4114.00 17.13
4174.50 21.88
4235.00 34.76
4295.50 23.53
4356.00 18.57
4416.50 16.30
4477.00 19.40
4537.50 19.07
4598.00 22.92
4658.50 14.79
4719.00 15.44
4779.50 11.95
4840.00 13.42
4900.50 16.98
4961.00 14.03
5021.50 15.08
5082.00 15.08
5142.50 15.87
5203.00 15.47
5263.50 16.66
5324.00 17.60
5384.50 17.85
5445.00 14.68
5505.50 13.96
5566.00 14.21
5626.50 13.49
5687.00 11.66
5747.50 13.06
5808.00 8.31
5868.50 10.33
5929.00 8.35
5989.50 8.71
6050.00 10.29
6110.50 13.57
6171.00 13.39
6231.50 12.81
6292.00 14.65
6352.50 7.38
6413.00 15.29
6473.50 10.83
6534.00 18.93
6594.50 15.47
6655.00 13.24
6715.50 11.69
6776.00 13.96
6836.50 13.75
6897.00 9.90
6957.50 14.72
7018.00 14.79
7078.50 14.68
7139.00 13.57
7199.50 11.08
7260.00 14.86
7320.50 10.22
7381.00 11.05
7441.50 8.60
7502.00 6.62
7562.50 9.39
7623.00 10.51
7683.50 9.97
7744.00 9.03
7804.50 8.38
7865.00 9.57
7925.50 5.97
7986.00 5.15
8046.50 7.70
8107.00 6.62
8167.50 7.63
8228.00 6.91
8288.50 10.87
8349.00 9.25
8409.50 10.83
8470.00 11.66
8530.50 11.87
8591.00 9.50
8651.50 10.47
8712.00 12.52
8772.50 9.50
8833.00 10.08
8893.50 10.80
8954.00 8.96
9014.50 8.35
9075.00 9.18
9135.50 13.42
9196.00 11.91
9256.50 12.74
9317.00 13.13
9377.50 12.63
9438.00 16.52
9498.50 14.79
9559.00 13.39
9619.50 15.87
9680.00 12.31
9740.50 13.31
9801.00 14.03
9861.50 15.58
9922.00 13.53
9982.50 9.57
10043.00 13.10
10103.50 8.10
10164.00 9.21
10224.50 8.28
10285.00 11.26
10345.50 10.54
10406.00 9.21
10466.50 7.88
10527.00 12.02
10587.50 11.51
10648.00 11.80
10708.50 15.51
10769.00 13.10
10829.50 13.85
10890.00 8.85
10950.50 10.54
11011.00 12.23
11071.50 10.62
11132.00 14.18
11192.50 12.23
11253.00 14.39
11313.50 14.86
11374.00 15.65
11434.50 16.44
11495.00 12.92
11555.50 10.72
11616.00 11.66
11676.50 12.02
11737.00 10.90
11797.50 10.36
11858.00 9.64
11918.50 10.40
11979.00 8.24
12039.50 9.57
12100.00 8.56
12160.50 14.43
12221.00 11.66
12281.50 11.44
12342.00 13.03
12402.50 12.52
12463.00 14.36
12523.50 17.74
12584.00 17.78
12644.50 12.05
12705.00 15.54
12765.50 14.43
12826.00 12.52
12886.50 11.98
12947.00 14.97
13007.50 13.75
13068.00 12.38
13128.50 11.73
13189.00 15.29
13249.50 13.96
13310.00 11.91
13370.50 10.22
13431.00 10.98
13491.50 9.68
13552.00 10.94
13612.50 12.92
13673.00 11.80
13733.50 14.90
13794.00 13.13
13854.50 11.48
13915.00 16.95
13975.50 16.41
14036.00 19.54
14096.50 15.01
14157.00 14.68
14217.50 10.72
14278.00 11.48
14338.50 11.01
14399.00 10.22
14459.50 9.46
14520.00 10.15
14580.50 12.45
14641.00 14.54
14701.50 12.23
14762.00 11.08
14822.50 11.05
14883.00 13.35
14943.50 11.30
15004.00 10.87
15064.50 11.48
15125.00 11.12
15185.50 11.62
15246.00 9.32
15306.50 12.85
15367.00 12.85
15427.50 13.96
15488.00 10.51
15548.50 10.29
15609.00 13.03
15669.50 11.55
15730.00 12.74
15790.50 14.39
15851.00 12.31
15911.50 14.36
15972.00 13.82
16032.50 13.67
16093.00 13.03
16153.50 15.40
16214.00 10.15
16274.50 13.67
16335.00 14.65
16395.50 14.83
16456.00 15.08
16516.50 13.67
16577.00 13.64
16637.50 13.57
16698.00 14.65
16758.50 13.31
16819.00 12.95
16879.50 13.78
16940.00 12.23
17000.50 12.88
17061.00 11.51
17121.50 10.40
17182.00 11.30
17242.50 11.73
17303.00 12.74
17363.50 11.15
17424.00 11.77
17484.50 16.84
17545.00 11.23
17605.50 10.65
17666.00 11.51
17726.50 10.62
17787.00 14.07
17847.50 9.14
17908.00 13.13
17968.50 9.86
18029.00 12.02
18089.50 9.36
18150.00 12.56
18210.50 10.98
18271.00 11.66
18331.50 14.43
18392.00 14.03
18452.50 15.98
18513.00 14.97
18573.50 10.51
18634.00 15.47
18694.50 14.79
18755.00 12.81
18815.50 15.11
18876.00 13.82
18936.50 9.61
18997.00 15.65
19057.50 12.34
19118.00 16.52
19178.50 12.41
19239.00 13.10
19299.50 13.35
19360.00 9.75
19420.50 14.65
19481.00 11.80
19541.50 8.56
19602.00 10.11
19662.50 11.23
19723.00 10.18
19783.50 11.87
19844.00 12.81
19904.50 9.28
19965.00 13.64
20025.50 18.06
20086.00 17.45
20146.50 13.85
20207.00 12.59
20267.50 10.87
20328.00 10.44
20388.50 10.54
20449.00 13.17
20509.50 12.31
20570.00 12.67
20630.50 7.88
20691.00 11.91
20751.50 10.87
20812.00 12.74
20872.50 12.09
20933.00 14.61
20993.50 13.57
21054.00 10.65
21114.50 18.17
21175.00 17.38
21235.50 14.32
21296.00 16.70
21356.50 14.90
21417.00 14.68
21477.50 12.23
21538.00 12.49
21598.50 8.85
