60.50 178.51
121.00 1487.60
181.50 1785.12
242.00 1666.12
302.50 1547.11
363.00 1606.61
423.50 1725.62
484.00 1785.12
544.50 1606.61
605.00 1785.12
665.50 1666.12
726.00 1785.12
786.50 1487.60
847.00 1606.61
907.50 2023.14
968.00 1844.63
1028.50 2023.14
1089.00 1963.64
1149.50 2023.14
1210.00 1904.13
1270.50 1844.63
1331.00 1904.13
1391.50 1844.63
1452.00 1844.63
1512.50 1904.13
1573.00 1725.62
1633.50 1844.63
1694.00 1963.64
1754.50 1963.64
1815.00 2023.14
1875.50 1785.12
1936.00 1904.13
1996.50 1904.13
2057.00 1725.62
2117.50 1904.13
2178.00 1844.63
2238.50 1725.62
2299.00 2082.64
2359.50 1725.62
2420.00 2023.14
2480.50 1904.13
2541.00 1785.12
2601.50 1844.63
2662.00 1785.12
2722.50 2082.64
2783.00 1844.63
2843.50 1904.13
2904.00 1963.64
2964.50 1844.63
3025.00 1963.64
3085.50 1725.62
3146.00 1547.11
3206.50 2142.15
3267.00 1725.62
3327.50 1904.13
3388.00 1963.64
3448.50 1963.64
3509.00 1904.13
3569.50 1904.13
3630.00 1904.13
3690.50 1844.63
3751.00 1904.13
3811.50 1963.64
3872.00 2142.15
3932.50 1725.62
3993.00 1904.13
4053.50 1666.12
4114.00 1844.63
4174.50 1963.64
4235.00 1725.62
4295.50 1547.11
4356.00 1963.64
4416.50 1904.13
4477.00 1547.11
4537.50 1785.12
4598.00 2023.14
4658.50 1547.11
4719.00 1606.61
4779.50 1785.12
4840.00 1666.12
4900.50 1844.63
4961.00 1844.63
5021.50 1785.12
5082.00 1904.13
5142.50 2142.15
5203.00 1666.12
5263.50 1785.12
5324.00 1606.61
5384.50 1785.12
5445.00 1963.64
5505.50 1785.12
5566.00 1725.62
5626.50 1547.11
5687.00 1547.11
5747.50 1666.12
5808.00 1547.11
5868.50 1725.62
5929.00 1130.58
5989.50 1368.60
6050.00 1487.60
6110.50 1606.61
6171.00 1428.10
6231.50 1725.62
6292.00 1963.64
6352.50 1487.60
6413.00 1963.64
6473.50 1487.60
6534.00 1725.62
6594.50 1844.63
6655.00 1725.62
6715.50 1487.60
6776.00 1666.12
6836.50 1606.61
6897.00 1666.12
6957.50 1606.61
7018.00 1963.64
7078.50 1547.11
7139.00 1785.12
7199.50 1785.12
7260.00 1844.63
7320.50 1190.08
7381.00 1547.11
7441.50 1487.60
7502.00 1487.60
7562.50 1785.12
7623.00 1428.10
7683.50 1487.60
7744.00 1547.11
7804.50 1249.59
7865.00 1428.10
7925.50 1071.07
7986.00 1011.57
8046.50 1130.58
8107.00 1071.07
8167.50 1309.09
8228.00 1487.60
8288.50 1666.12
8349.00 1606.61
8409.50 1606.61
8470.00 1547.11
8530.50 1606.61
8591.00 1547.11
8651.50 1666.12
8712.00 1666.12
8772.50 1606.61
8833.00 1606.61
8893.50 1547.11
8954.00 1547.11
9014.50 1309.09
9075.00 1666.12
9135.50 1725.62
9196.00 1725.62
9256.50 1606.61
9317.00 1606.61
9377.50 1606.61
9438.00 1844.63
9498.50 1666.12
9559.00 1487.60
9619.50 1725.62
9680.00 1666.12
9740.50 1785.12
9801.00 1547.11
9861.50 1844.63
9922.00 1785.12
9982.50 1606.61
10043.00 1844.63
10103.50 1547.11
10164.00 1606.61
10224.50 1606.61
10285.00 1785.12
10345.50 1428.10
10406.00 1725.62
10466.50 1606.61
10527.00 1666.12
10587.50 1547.11
10648.00 1487.60
10708.50 1666.12
10769.00 1547.11
10829.50 1844.63
10890.00 1666.12
10950.50 1606.61
11011.00 1785.12
11071.50 1844.63
11132.00 1606.61
11192.50 1606.61
11253.00 1844.63
11313.50 1963.64
11374.00 1904.13
11434.50 1844.63
11495.00 1725.62
11555.50 1725.62
11616.00 1368.60
11676.50 1785.12
11737.00 1725.62
11797.50 1487.60
11858.00 1130.58
11918.50 1606.61
11979.00 1368.60
12039.50 1428.10
12100.00 1487.60
12160.50 1428.10
12221.00 1725.62
12281.50 1368.60
12342.00 1606.61
12402.50 1844.63
12463.00 1547.11
12523.50 1963.64
12584.00 1785.12
12644.50 1725.62
12705.00 1785.12
12765.50 1785.12
12826.00 1785.12
12886.50 1904.13
12947.00 1904.13
13007.50 1725.62
13068.00 1487.60
13128.50 1249.59
13189.00 1547.11
13249.50 1725.62
13310.00 1606.61
13370.50 1487.60
13431.00 1725.62
13491.50 1547.11
13552.00 1547.11
13612.50 1547.11
13673.00 1844.63
13733.50 1606.61
13794.00 1606.61
13854.50 1606.61
13915.00 2082.64
13975.50 1725.62
14036.00 1844.63
14096.50 1785.12
14157.00 1844.63
14217.50 1606.61
14278.00 1606.61
14338.50 1487.60
14399.00 1428.10
14459.50 1547.11
14520.00 1547.11
14580.50 1904.13
14641.00 1487.60
14701.50 1725.62
14762.00 1606.61
14822.50 1428.10
14883.00 1487.60
14943.50 1547.11
15004.00 1725.62
15064.50 1309.09
15125.00 1666.12
15185.50 1487.60
15246.00 1606.61
15306.50 1725.62
15367.00 1666.12
15427.50 1844.63
15488.00 1606.61
15548.50 1606.61
15609.00 1725.62
15669.50 1725.62
15730.00 1725.62
15790.50 1963.64
15851.00 1725.62
15911.50 1844.63
15972.00 2082.64
16032.50 1844.63
16093.00 1725.62
16153.50 1904.13
16214.00 1725.62
16274.50 1785.12
16335.00 1844.63
16395.50 1785.12
16456.00 1785.12
16516.50 1666.12
16577.00 1785.12
16637.50 1606.61
16698.00 1725.62
16758.50 1666.12
16819.00 1785.12
16879.50 1844.63
16940.00 1785.12
17000.50 1785.12
17061.00 1428.10
17121.50 1606.61
17182.00 1785.12
17242.50 1606.61
17303.00 1666.12
17363.50 1666.12
17424.00 1606.61
17484.50 1725.62
17545.00 1725.62
17605.50 1547.11
17666.00 1606.61
17726.50 1487.60
17787.00 1963.64
17847.50 1725.62
17908.00 1606.61
17968.50 1428.10
18029.00 1785.12
18089.50 1547.11
18150.00 1844.63
18210.50 1725.62
18271.00 1666.12
18331.50 1428.10
18392.00 1368.60
18452.50 1606.61
18513.00 1725.62
18573.50 1725.62
18634.00 1368.60
18694.50 1487.60
18755.00 1725.62
18815.50 1844.63
18876.00 1785.12
18936.50 1844.63
18997.00 1963.64
19057.50 1785.12
19118.00 1785.12
19178.50 1725.62
19239.00 1844.63
19299.50 1666.12
19360.00 1606.61
19420.50 1606.61
19481.00 1666.12
19541.50 1547.11
19602.00 1666.12
19662.50 1666.12
19723.00 1428.10
19783.50 1428.10
19844.00 1785.12
19904.50 1368.60
19965.00 1844.63
20025.50 1785.12
20086.00 1904.13
20146.50 1785.12
20207.00 1547.11
20267.50 1666.12
20328.00 1606.61
20388.50 1368.60
20449.00 1785.12
20509.50 1725.62
20570.00 1844.63
20630.50 1547.11
20691.00 1785.12
20751.50 1725.62
20812.00 1547.11
20872.50 1606.61
20933.00 1547.11
20993.50 1666.12
21054.00 1547.11
21114.50 1963.64
21175.00 1844.63
21235.50 2082.64
21296.00 1844.63
21356.50 1844.63
21417.00 1785.12
21477.50 1666.12
21538.00 1844.63
21598.50 1606.61
