60.50 59.50
121.00 1190.08
181.50 1487.60
242.00 1428.10
302.50 1428.10
363.00 1547.11
423.50 1368.60
484.00 1428.10
544.50 1547.11
605.00 1547.11
665.50 1606.61
726.00 1428.10
786.50 1368.60
847.00 1249.59
907.50 1606.61
968.00 1606.61
1028.50 1666.12
1089.00 1666.12
1149.50 1844.63
1210.00 1725.62
1270.50 1606.61
1331.00 1547.11
1391.50 1844.63
1452.00 1844.63
1512.50 1547.11
1573.00 1963.64
1633.50 1904.13
1694.00 1785.12
1754.50 1844.63
1815.00 1904.13
1875.50 1844.63
1936.00 2023.14
1996.50 1904.13
2057.00 1904.13
2117.50 1725.62
2178.00 1725.62
2238.50 1666.12
2299.00 1844.63
2359.50 1487.60
2420.00 1785.12
2480.50 1666.12
2541.00 1963.64
2601.50 1666.12
2662.00 2023.14
2722.50 1844.63
2783.00 1844.63
2843.50 1963.64
2904.00 1725.62
2964.50 1725.62
3025.00 1666.12
3085.50 1785.12
3146.00 2082.64
3206.50 1725.62
3267.00 1785.12
3327.50 1725.62
3388.00 1666.12
3448.50 1785.12
3509.00 1725.62
3569.50 1785.12
3630.00 1844.63
3690.50 1606.61
3751.00 1606.61
3811.50 1904.13
3872.00 1785.12
3932.50 1725.62
3993.00 1606.61
4053.50 1785.12
4114.00 1547.11
4174.50 1963.64
4235.00 1725.62
4295.50 2023.14
4356.00 1904.13
4416.50 1904.13
4477.00 1725.62
4537.50 1725.62
4598.00 1963.64
4658.50 1309.09
4719.00 1725.62
4779.50 1428.10
4840.00 1606.61
4900.50 1547.11
4961.00 1606.61
5021.50 1785.12
5082.00 1666.12
5142.50 1963.64
5203.00 1785.12
5263.50 1130.58
5324.00 1547.11
5384.50 1249.59
5445.00 1666.12
5505.50 1725.62
5566.00 1606.61
5626.50 1606.61
5687.00 1547.11
5747.50 1547.11
5808.00 1130.58
5868.50 1309.09
5929.00 1130.58
5989.50 1011.57
6050.00 892.56
6110.50 1249.59
6171.00 1725.62
6231.50 1666.12
6292.00 1606.61
6352.50 1309.09
6413.00 1606.61
6473.50 1071.07
6534.00 1487.60
6594.50 1606.61
6655.00 1606.61
6715.50 1606.61
6776.00 1725.62
6836.50 1547.11
6897.00 1487.60
6957.50 1309.09
7018.00 1606.61
7078.50 1368.60
7139.00 1309.09
7199.50 1309.09
7260.00 1725.62
7320.50 1249.59
7381.00 1487.60
7441.50 1428.10
7502.00 1428.10
7562.50 1309.09
7623.00 892.56
7683.50 952.07
7744.00 952.07
7804.50 1368.60
7865.00 1249.59
7925.50 1011.57
7986.00 1130.58
8046.50 833.06
8107.00 892.56
8167.50 892.56
8228.00 1071.07
8288.50 1249.59
8349.00 1071.07
8409.50 1190.08
8470.00 1428.10
8530.50 1428.10
8591.00 1011.57
8651.50 1309.09
8712.00 1190.08
8772.50 1368.60
8833.00 1547.11
8893.50 1249.59
8954.00 1309.09
9014.50 952.07
9075.00 1071.07
9135.50 1606.61
9196.00 1487.60
9256.50 1547.11
9317.00 1547.11
9377.50 1547.11
9438.00 1725.62
9498.50 1547.11
9559.00 1309.09
9619.50 1606.61
9680.00 1844.63
9740.50 1428.10
9801.00 1487.60
9861.50 1368.60
9922.00 1606.61
9982.50 1368.60
10043.00 1428.10
10103.50 1011.57
10164.00 1368.60
10224.50 1130.58
10285.00 1428.10
10345.50 1130.58
10406.00 1487.60
10466.50 1011.57
10527.00 1309.09
10587.50 1309.09
10648.00 1666.12
10708.50 1487.60
10769.00 1666.12
10829.50 1428.10
10890.00 1487.60
10950.50 1249.59
11011.00 1071.07
11071.50 1368.60
11132.00 1487.60
11192.50 1368.60
11253.00 1487.60
11313.50 1666.12
11374.00 1547.11
11434.50 1725.62
11495.00 1725.62
11555.50 1547.11
11616.00 1666.12
11676.50 1368.60
11737.00 1190.08
11797.50 1071.07
11858.00 1606.61
11918.50 1428.10
11979.00 1190.08
12039.50 1309.09
12100.00 1368.60
12160.50 1249.59
12221.00 1606.61
12281.50 1368.60
12342.00 1190.08
12402.50 1428.10
12463.00 1666.12
12523.50 1666.12
12584.00 1725.62
12644.50 1725.62
12705.00 1725.62
12765.50 1547.11
12826.00 1666.12
12886.50 1487.60
12947.00 1666.12
13007.50 1844.63
13068.00 1130.58
13128.50 1606.61
13189.00 1547.11
13249.50 1428.10
13310.00 1309.09
13370.50 952.07
13431.00 1428.10
13491.50 1249.59
13552.00 1309.09
13612.50 1368.60
13673.00 1428.10
13733.50 1725.62
13794.00 1487.60
13854.50 1428.10
13915.00 1725.62
13975.50 1844.63
14036.00 1666.12
14096.50 1844.63
14157.00 1547.11
14217.50 1368.60
14278.00 1666.12
14338.50 1547.11
14399.00 1487.60
14459.50 1428.10
14520.00 1666.12
14580.50 1606.61
14641.00 1249.59
14701.50 1368.60
14762.00 1666.12
14822.50 1725.62
14883.00 1487.60
14943.50 1249.59
15004.00 1547.11
15064.50 1368.60
15125.00 1487.60
15185.50 1428.10
15246.00 1725.62
15306.50 1547.11
15367.00 1190.08
15427.50 1547.11
15488.00 1428.10
15548.50 1666.12
15609.00 1606.61
15669.50 1428.10
15730.00 1547.11
15790.50 1725.62
15851.00 1487.60
15911.50 1666.12
15972.00 1487.60
16032.50 1666.12
16093.00 1725.62
16153.50 1606.61
16214.00 1606.61
16274.50 1487.60
16335.00 1785.12
16395.50 1606.61
16456.00 1606.61
16516.50 1666.12
16577.00 1785.12
16637.50 1309.09
16698.00 1785.12
16758.50 1368.60
16819.00 1547.11
16879.50 1725.62
16940.00 1725.62
17000.50 1666.12
17061.00 1368.60
17121.50 1428.10
17182.00 1547.11
17242.50 1249.59
17303.00 1725.62
17363.50 1666.12
17424.00 1487.60
17484.50 1487.60
17545.00 1368.60
17605.50 1487.60
17666.00 1368.60
17726.50 1428.10
17787.00 1725.62
17847.50 1249.59
17908.00 1725.62
17968.50 1011.57
18029.00 1547.11
18089.50 1547.11
18150.00 1547.11
18210.50 1249.59
18271.00 1428.10
18331.50 1666.12
18392.00 1309.09
18452.50 1606.61
18513.00 1487.60
18573.50 1487.60
18634.00 1190.08
18694.50 1547.11
18755.00 1249.59
18815.50 1725.62
18876.00 1606.61
18936.50 1309.09
18997.00 1785.12
19057.50 1547.11
19118.00 1666.12
19178.50 1844.63
19239.00 1785.12
19299.50 1487.60
19360.00 1130.58
19420.50 1428.10
19481.00 1190.08
19541.50 1309.09
19602.00 1487.60
19662.50 1428.10
19723.00 1487.60
19783.50 1428.10
19844.00 1309.09
19904.50 1487.60
19965.00 1844.63
20025.50 1844.63
20086.00 1666.12
20146.50 1785.12
20207.00 1666.12
20267.50 1249.59
20328.00 1368.60
20388.50 1249.59
20449.00 1428.10
20509.50 1249.59
20570.00 1428.10
20630.50 1368.60
20691.00 1606.61
20751.50 1368.60
20812.00 1666.12
20872.50 1547.11
20933.00 1428.10
20993.50 1606.61
21054.00 1487.60
21114.50 1606.61
21175.00 1487.60
21235.50 1725.62
21296.00 1428.10
21356.50 1547.11
21417.00 1844.63
21477.50 1368.60
21538.00 1666.12
21598.50 1190.08
