60.50 9.70 5
121.00 11.33 6
181.50 7.08 6
242.00 6.50 6
302.50 9.83 6
363.00 11.60 5
423.50 8.20 5
484.00 9.20 5
544.50 7.20 5
605.00 8.40 5
665.50 8.75 6
726.00 8.00 4
786.50 11.71 7
847.00 10.60 5
907.50 10.10 5
968.00 9.78 9
1028.50 8.69 8
1089.00 8.50 8
1149.50 8.56 8
1210.00 11.06 8
1270.50 12.30 5
1331.00 14.83 6
1391.50 15.25 6
1452.00 20.42 6
1512.50 27.10 5
1573.00 34.40 5
1633.50 48.00 5
1694.00 67.10 5
1754.50 89.38 4
1815.00 115.38 4
1875.50 143.33 3
1936.00 171.50 3
1996.50 201.00 3
2057.00 236.12 4
2117.50 274.83 3
2178.00 312.50 3
2238.50 354.17 3
2299.00 373.75 2
2359.50 382.17 3
2420.00 389.67 3
2480.50 394.33 3
2541.00 380.50 3
2601.50 372.50 3
2662.00 371.67 3
2722.50 343.83 3
2783.00 336.33 3
2843.50 334.67 3
2904.00 337.67 3
2964.50 337.50 3
3025.00 336.33 3
3085.50 351.25 4
3146.00 346.33 3
3206.50 322.33 3
3267.00 296.88 4
3327.50 290.00 3
3388.00 269.33 3
3448.50 277.75 4
3509.00 290.88 4
3569.50 295.50 3
3630.00 284.88 4
3690.50 284.75 4
3751.00 272.12 4
3811.50 263.83 3
3872.00 264.38 4
3932.50 260.12 4
3993.00 259.75 4
4053.50 264.12 4
4114.00 261.62 4
4174.50 253.12 4
4235.00 255.00 4
4295.50 255.12 4
4356.00 255.25 4
4416.50 266.50 4
4477.00 264.50 5
4537.50 256.38 4
4598.00 237.75 4
4658.50 229.90 5
4719.00 228.75 4
4779.50 228.90 5
4840.00 236.12 4
4900.50 250.00 4
4961.00 257.50 3
5021.50 265.38 4
5082.00 280.12 4
5142.50 269.25 4
5203.00 264.10 5
5263.50 244.62 4
5324.00 235.40 5
5384.50 228.50 4
5445.00 219.70 5
5505.50 217.88 4
5566.00 216.00 5
5626.50 221.30 5
5687.00 222.20 5
5747.50 210.17 6
5808.00 196.08 6
5868.50 185.25 6
5929.00 180.75 6
5989.50 177.75 6
6050.00 162.42 6
6110.50 144.50 7
6171.00 135.69 8
6231.50 125.22 9
6292.00 110.39 9
6352.50 102.45 10
6413.00 96.70 10
6473.50 92.60 10
6534.00 100.29 7
6594.50 117.17 6
6655.00 137.17 6
6715.50 150.75 6
6776.00 162.20 5
6836.50 172.30 5
6897.00 189.62 4
6957.50 204.88 4
7018.00 222.12 4
7078.50 240.90 5
7139.00 254.25 4
7199.50 251.80 5
7260.00 250.50 4
7320.50 249.30 5
7381.00 249.00 4
7441.50 249.00 5
7502.00 246.12 4
7562.50 238.60 5
7623.00 211.25 6
7683.50 194.50 5
7744.00 179.50 6
7804.50 130.79 7
7865.00 62.39 9
7925.50 21.31 8
7986.00 12.42 6
8046.50 10.21 7
8107.00 7.00 6
8167.50 7.64 7
8228.00 8.19 8
8288.50 8.00 7
8349.00 8.19 8
8409.50 8.19 8
8470.00 8.75 8
8530.50 8.50 9
8591.00 8.25 8
8651.50 8.50 9
8712.00 8.50 9
8772.50 8.44 8
8833.00 8.22 9
8893.50 8.33 9
8954.00 8.50 8
9014.50 8.28 9
9075.00 8.44 9
9135.50 10.50 8
9196.00 9.78 9
9256.50 13.71 7
9317.00 21.56 8
9377.50 29.12 8
9438.00 38.28 9
9498.50 40.50 10
9559.00 41.05 10
9619.50 44.11 9
9680.00 51.00 9
9740.50 55.36 7
9801.00 67.70 5
9861.50 86.17 6
9922.00 105.60 5
9982.50 124.80 5
10043.00 150.90 5
10103.50 183.12 4
10164.00 212.17 3
10224.50 247.50 4
10285.00 277.50 3
10345.50 291.75 4
10406.00 304.00 4
10466.50 309.00 4
10527.00 294.25 4
10587.50 249.80 5
10648.00 223.90 5
10708.50 206.42 6
10769.00 189.08 6
10829.50 179.17 6
10890.00 153.19 8
10950.50 138.86 7
11011.00 119.06 8
11071.50 83.44 8
11132.00 46.62 8
11192.50 23.50 9
11253.00 12.31 8
11313.50 11.19 8
11374.00 10.56 8
11434.50 10.64 7
11495.00 9.50 6
11555.50 8.71 7
11616.00 9.50 6
11676.50 10.50 6
11737.00 10.33 6
11797.50 8.40 5
11858.00 11.90 5
11918.50 10.90 5
11979.00 8.10 5
12039.50 8.79 7
12100.00 8.62 8
12160.50 8.88 8
12221.00 8.62 8
12281.50 8.44 8
12342.00 9.36 7
12402.50 9.14 7
12463.00 9.58 6
12523.50 9.00 7
12584.00 9.25 6
12644.50 8.58 6
12705.00 9.08 6
12765.50 10.17 6
12826.00 8.50 6
12886.50 10.25 6
12947.00 9.29 7
13007.50 8.29 7
13068.00 10.36 7
13128.50 11.36 7
13189.00 11.79 7
13249.50 14.86 7
13310.00 19.92 6
13370.50 28.50 6
13431.00 44.92 6
13491.50 65.25 4
13552.00 91.00 5
13612.50 117.25 4
13673.00 140.30 5
13733.50 157.00 5
13794.00 167.50 5
13854.50 166.42 6
13915.00 158.50 6
13975.50 162.58 6
14036.00 170.86 7
14096.50 165.57 7
14157.00 149.57 7
14217.50 135.06 8
14278.00 125.07 7
14338.50 124.00 8
14399.00 127.00 7
14459.50 137.00 6
14520.00 150.00 5
14580.50 166.67 6
14641.00 174.30 5
14701.50 173.50 4
14762.00 191.40 5
14822.50 196.60 5
14883.00 202.00 5
14943.50 197.00 6
15004.00 197.60 5
15064.50 196.10 5
15125.00 198.92 6
15185.50 191.67 6
15246.00 169.25 6
15306.50 151.57 7
15367.00 124.12 8
15427.50 93.12 8
15488.00 79.00 10
15548.50 60.40 10
15609.00 35.86 11
15669.50 19.89 9
15730.00 21.25 8
15790.50 33.42 6
15851.00 53.33 6
15911.50 76.30 5
15972.00 101.50 4
16032.50 129.25 4
16093.00 160.62 4
16153.50 180.88 4
16214.00 197.00 3
16274.50 219.50 4
16335.00 243.83 3
16395.50 263.50 3
16456.00 284.25 4
16516.50 301.33 3
16577.00 316.00 4
16637.50 306.38 4
16698.00 293.75 4
16758.50 292.38 4
16819.00 284.50 4
16879.50 271.20 5
16940.00 256.80 5
17000.50 239.20 5
17061.00 214.50 5
17121.50 187.25 6
17182.00 157.40 5
17242.50 126.71 7
17303.00 127.92 6
17363.50 134.36 7
17424.00 134.38 8
17484.50 124.44 8
17545.00 111.38 8
17605.50 100.88 8
17666.00 100.58 6
17726.50 112.10 5
17787.00 127.62 4
17847.50 148.70 5
17908.00 167.12 4
17968.50 174.70 5
18029.00 179.00 6
18089.50 181.40 5
18150.00 178.75 6
18210.50 171.42 6
18271.00 152.07 7
18331.50 125.25 8
18392.00 90.62 8
18452.50 80.94 9
18513.00 79.68 11
18573.50 69.00 11
18634.00 60.50 10
18694.50 61.56 8
18755.00 73.17 6
18815.50 91.90 5
18876.00 116.90 5
18936.50 145.62 4
18997.00 176.40 5
19057.50 207.80 5
19118.00 232.75 4
19178.50 238.90 5
19239.00 224.10 5
19299.50 219.20 5
19360.00 212.50 4
19420.50 207.50 5
19481.00 184.42 6
19541.50 161.30 5
19602.00 132.33 6
19662.50 100.07 7
19723.00 69.06 8
19783.50 30.12 8
19844.00 11.60 5
19904.50 11.56 8
19965.00 9.86 7
20025.50 8.57 7
20086.00 8.69 8
20146.50 9.50 7
20207.00 9.75 6
20267.50 9.14 7
20328.00 10.29 7
20388.50 11.75 6
20449.00 8.62 8
20509.50 8.64 7
20570.00 8.75 8
20630.50 8.79 7
20691.00 8.81 8
20751.50 8.75 8
20812.00 8.39 9
20872.50 8.72 9
20933.00 9.88 8
20993.50 9.00 9
21054.00 16.92 6
21114.50 41.50 5
21175.00 72.50 4
21235.50 106.83 3
21296.00 145.88 4
21356.50 185.50 3
21417.00 226.38 4
21477.50 265.00 3
21538.00 295.38 4
21598.50 306.50 3
