60.50 12.38 4
121.00 12.58 6
181.50 8.14 7
242.00 6.50 6
302.50 9.50 6
363.00 10.40 5
423.50 8.20 5
484.00 9.10 5
544.50 7.20 5
605.00 9.10 5
665.50 9.40 5
726.00 10.92 6
786.50 10.00 5
847.00 9.08 6
907.50 9.00 6
968.00 8.81 8
1028.50 8.44 8
1089.00 8.62 8
1149.50 9.00 8
1210.00 8.62 8
1270.50 9.67 6
1331.00 10.00 6
1391.50 14.92 6
1452.00 10.83 6
1512.50 12.33 6
1573.00 28.25 4
1633.50 51.00 4
1694.00 78.33 3
1754.50 103.50 3
1815.00 138.88 4
1875.50 177.33 3
1936.00 207.00 2
1996.50 243.17 3
2057.00 281.75 2
2117.50 321.50 3
2178.00 361.50 2
2238.50 402.50 3
2299.00 442.50 2
2359.50 456.00 3
2420.00 462.75 2
2480.50 460.67 3
2541.00 453.17 3
2601.50 443.00 3
2662.00 434.50 2
2722.50 405.50 3
2783.00 395.17 3
2843.50 387.67 3
2904.00 381.83 3
2964.50 376.33 3
3025.00 370.33 3
3085.50 368.50 3
3146.00 371.62 4
3206.50 345.00 3
3267.00 333.00 4
3327.50 310.17 3
3388.00 296.00 4
3448.50 286.38 4
3509.00 284.50 4
3569.50 268.38 4
3630.00 272.88 4
3690.50 265.50 4
3751.00 257.38 4
3811.50 234.80 5
3872.00 205.70 5
3932.50 184.30 5
3993.00 180.67 6
4053.50 186.80 5
4114.00 186.20 5
4174.50 190.30 5
4235.00 197.58 6
4295.50 196.90 5
4356.00 188.75 6
4416.50 162.14 7
4477.00 145.00 6
4537.50 132.07 7
4598.00 137.62 8
4658.50 142.83 6
4719.00 158.00 6
4779.50 174.00 4
4840.00 189.00 4
4900.50 215.38 4
4961.00 240.62 4
5021.50 262.50 3
5082.00 280.12 4
5142.50 301.75 4
5203.00 303.12 4
5263.50 297.62 4
5324.00 283.00 5
5384.50 268.00 4
5445.00 257.00 5
5505.50 245.10 5
5566.00 233.80 5
5626.50 208.40 5
5687.00 185.70 5
5747.50 173.67 6
5808.00 166.25 6
5868.50 168.33 6
5929.00 156.67 6
5989.50 146.50 8
6050.00 133.79 7
6110.50 122.50 8
6171.00 108.18 11
6231.50 77.57 14
6292.00 45.53 15
6352.50 12.08 12
6413.00 8.05 10
6473.50 9.17 9
6534.00 8.83 9
6594.50 9.39 9
6655.00 17.12 8
6715.50 30.00 7
6776.00 50.17 6
6836.50 71.00 5
6897.00 92.50 6
6957.50 118.00 5
7018.00 147.50 5
7078.50 180.62 4
7139.00 212.12 4
7199.50 232.83 3
7260.00 250.25 4
7320.50 252.38 4
7381.00 258.88 4
7441.50 246.00 4
7502.00 242.88 4
7562.50 247.25 4
7623.00 251.40 5
7683.50 244.60 5
7744.00 230.92 6
7804.50 196.36 7
7865.00 145.21 7
7925.50 78.05 10
7986.00 31.30 10
8046.50 10.50 7
8107.00 8.75 6
8167.50 8.07 7
8228.00 8.31 8
8288.50 8.29 7
8349.00 8.19 8
8409.50 8.00 8
8470.00 8.25 8
8530.50 8.39 9
8591.00 8.44 8
8651.50 8.28 9
8712.00 8.44 9
8772.50 8.69 8
8833.00 8.28 9
8893.50 8.22 9
8954.00 8.75 8
9014.50 8.44 9
9075.00 8.28 9
9135.50 8.50 8
9196.00 8.78 9
9256.50 8.33 9
9317.00 8.25 8
9377.50 8.50 10
9438.00 7.90 10
9498.50 8.32 11
9559.00 8.30 10
9619.50 9.78 9
9680.00 10.19 8
9740.50 12.86 7
9801.00 28.70 5
9861.50 56.62 4
9922.00 88.67 3
9982.50 122.50 3
10043.00 165.12 4
10103.50 208.33 3
10164.00 243.83 3
10224.50 274.67 3
10285.00 306.75 4
10345.50 309.00 4
10406.00 295.38 4
10466.50 295.12 4
10527.00 278.50 5
10587.50 252.40 5
10648.00 213.92 6
10708.50 182.00 6
10769.00 162.29 7
10829.50 134.38 8
10890.00 114.44 9
10950.50 90.05 10
11011.00 31.56 9
11071.50 9.58 6
11132.00 10.33 6
11192.50 8.64 7
11253.00 8.50 8
11313.50 8.50 7
11374.00 8.50 8
11434.50 8.57 7
11495.00 8.67 6
11555.50 8.79 7
11616.00 8.67 6
11676.50 10.75 6
11737.00 12.10 5
11797.50 15.08 6
11858.00 13.50 4
11918.50 12.42 6
11979.00 11.30 5
12039.50 10.86 7
12100.00 9.75 8
12160.50 8.44 8
12221.00 8.69 8
12281.50 8.44 8
12342.00 8.36 7
12402.50 9.36 7
12463.00 8.50 5
12523.50 10.14 7
12584.00 8.64 7
12644.50 11.33 6
12705.00 9.17 6
12765.50 10.00 6
12826.00 8.50 6
12886.50 9.92 6
12947.00 9.50 7
13007.50 8.93 7
13068.00 8.93 7
13128.50 9.57 7
13189.00 8.36 7
13249.50 11.14 7
13310.00 11.44 8
13370.50 11.43 7
13431.00 10.69 8
13491.50 15.79 7
13552.00 14.07 7
13612.50 11.14 7
13673.00 11.50 6
13733.50 13.00 7
13794.00 9.75 6
13854.50 8.19 8
13915.00 8.67 9
13975.50 8.39 9
14036.00 8.44 8
14096.50 8.22 9
14157.00 8.44 8
14217.50 8.50 7
14278.00 8.50 8
14338.50 8.50 7
14399.00 8.50 8
14459.50 8.31 8
14520.00 8.39 9
14580.50 8.50 9
14641.00 8.50 8
14701.50 9.39 9
14762.00 9.43 7
14822.50 8.86 7
14883.00 9.67 6
14943.50 9.64 7
15004.00 9.07 7
15064.50 9.20 5
15125.00 8.30 5
15185.50 11.80 5
15246.00 10.30 5
15306.50 7.30 5
15367.00 8.56 8
15427.50 8.43 7
15488.00 8.00 8
15548.50 8.00 7
15609.00 8.19 8
15669.50 8.61 9
15730.00 8.44 8
15790.50 10.75 8
15851.00 20.43 7
15911.50 33.25 6
15972.00 54.50 5
16032.50 71.25 4
16093.00 85.50 4
16153.50 105.00 3
16214.00 127.00 3
16274.50 151.00 3
16335.00 174.83 3
16395.50 197.50 4
16456.00 220.17 3
16516.50 247.25 4
16577.00 275.50 4
16637.50 267.50 4
16698.00 259.38 4
16758.50 239.80 5
16819.00 223.25 4
16879.50 207.50 6
16940.00 185.90 5
17000.50 157.83 6
17061.00 117.36 7
17121.50 65.93 7
17182.00 30.38 8
17242.50 22.22 9
17303.00 11.75 8
17363.50 10.44 8
17424.00 9.43 7
17484.50 10.43 7
17545.00 9.07 7
17605.50 8.17 6
17666.00 8.44 8
17726.50 9.50 6
17787.00 7.50 5
17847.50 9.17 6
17908.00 10.20 5
17968.50 9.83 6
18029.00 8.60 5
18089.50 8.60 5
18150.00 7.80 5
18210.50 9.00 5
18271.00 10.20 5
18331.50 8.50 7
18392.00 8.56 9
18452.50 8.20 10
18513.00 8.22 9
18573.50 8.17 9
18634.00 8.33 9
18694.50 8.56 9
18755.00 8.89 9
18815.50 8.62 8
18876.00 9.33 9
18936.50 8.86 7
18997.00 8.71 7
19057.50 9.00 7
19118.00 10.92 6
19178.50 12.00 7
19239.00 18.40 5
19299.50 15.00 4
19360.00 13.12 4
19420.50 8.25 4
19481.00 8.12 4
19541.50 8.62 4
19602.00 11.40 5
19662.50 9.70 5
19723.00 7.60 5
19783.50 9.10 5
19844.00 8.75 6
19904.50 8.75 8
19965.00 8.43 7
20025.50 8.57 7
20086.00 8.07 7
20146.50 9.00 6
20207.00 9.71 7
20267.50 9.07 7
20328.00 8.93 7
20388.50 8.42 6
20449.00 8.50 8
20509.50 8.50 7
20570.00 8.50 8
20630.50 8.50 7
20691.00 9.19 8
20751.50 8.81 8
20812.00 8.50 9
20872.50 8.28 9
20933.00 10.06 8
20993.50 10.25 8
21054.00 14.33 3
21114.50 72.07 7
21175.00 76.00 7
21235.50 90.79 7
21296.00 116.50 5
21356.50 149.12 4
21417.00 181.75 4
21477.50 213.25 4
21538.00 226.90 5
21598.50 218.62 4
