60.50 9.60 5
121.00 11.33 6
181.50 9.00 6
242.00 8.00 6
302.50 8.42 6
363.00 7.70 5
423.50 7.90 5
484.00 7.20 5
544.50 8.50 5
605.00 9.20 5
665.50 9.08 6
726.00 10.00 5
786.50 7.92 6
847.00 13.50 5
907.50 6.83 6
968.00 8.31 8
1028.50 8.50 8
1089.00 8.69 8
1149.50 8.94 8
1210.00 8.62 8
1270.50 8.92 6
1331.00 9.17 6
1391.50 9.67 6
1452.00 11.33 6
1512.50 11.83 6
1573.00 11.86 7
1633.50 11.43 7
1694.00 12.42 6
1754.50 12.50 6
1815.00 13.21 7
1875.50 10.78 9
1936.00 10.88 8
1996.50 11.06 8
2057.00 11.12 8
2117.50 11.06 8
2178.00 16.50 6
2238.50 26.42 6
2299.00 48.60 5
2359.50 71.20 5
2420.00 91.88 4
2480.50 114.10 5
2541.00 139.25 4
2601.50 166.62 4
2662.00 203.38 4
2722.50 238.83 3
2783.00 264.12 4
2843.50 286.88 4
2904.00 284.00 3
2964.50 280.50 4
3025.00 271.88 4
3085.50 265.25 4
3146.00 259.50 4
3206.50 246.00 4
3267.00 239.10 5
3327.50 235.12 4
3388.00 226.10 5
3448.50 227.40 5
3509.00 230.40 5
3569.50 222.00 5
3630.00 196.33 6
3690.50 185.20 5
3751.00 175.00 6
3811.50 170.83 6
3872.00 169.25 6
3932.50 165.25 6
3993.00 163.79 7
4053.50 159.00 7
4114.00 154.50 7
4174.50 136.75 8
4235.00 122.62 8
4295.50 117.06 8
4356.00 119.00 7
4416.50 135.75 6
4477.00 154.10 5
4537.50 176.60 5
4598.00 188.70 5
4658.50 198.50 4
4719.00 211.60 5
4779.50 211.80 5
4840.00 215.75 4
4900.50 205.58 6
4961.00 193.30 5
5021.50 184.25 6
5082.00 172.43 7
5142.50 168.29 7
5203.00 155.07 7
5263.50 139.38 8
5324.00 121.62 8
5384.50 111.38 8
5445.00 116.28 9
5505.50 117.89 9
5566.00 111.55 10
5626.50 93.18 11
5687.00 80.90 10
5747.50 79.61 9
5808.00 90.58 6
5868.50 109.58 6
5929.00 132.17 6
5989.50 152.86 7
6050.00 145.07 7
6110.50 118.33 9
6171.00 100.10 10
6231.50 82.46 13
6292.00 52.30 15
6352.50 16.65 13
6413.00 8.56 9
6473.50 9.80 10
6534.00 13.86 7
6594.50 27.29 7
6655.00 43.14 7
6715.50 56.50 7
6776.00 70.12 8
6836.50 80.19 8
6897.00 86.78 9
6957.50 90.75 8
7018.00 93.50 10
7078.50 95.50 10
7139.00 92.55 11
7199.50 65.19 16
7260.00 32.96 13
7320.50 11.83 6
7381.00 11.50 6
7441.50 12.79 7
7502.00 11.50 6
7562.50 10.00 4
7623.00 7.25 4
7683.50 8.62 4
7744.00 12.00 3
7804.50 6.50 4
7865.00 6.50 6
7925.50 8.33 6
7986.00 6.92 6
8046.50 8.25 6
8107.00 6.92 6
8167.50 8.21 7
8228.00 8.50 8
8288.50 8.50 7
8349.00 8.50 8
8409.50 9.06 8
8470.00 8.38 8
8530.50 8.39 9
8591.00 8.31 8
8651.50 8.67 9
8712.00 8.56 9
8772.50 8.69 8
8833.00 8.72 9
8893.50 8.50 9
8954.00 8.38 8
9014.50 8.50 9
9075.00 8.28 9
9135.50 8.31 8
9196.00 8.28 9
9256.50 8.50 9
9317.00 8.44 8
9377.50 8.20 10
9438.00 8.36 11
9498.50 7.75 10
9559.00 8.15 10
9619.50 8.28 9
9680.00 11.12 8
9740.50 10.94 8
9801.00 15.64 7
9861.50 27.50 6
9922.00 40.29 7
9982.50 50.36 7
10043.00 54.86 7
10103.50 54.19 8
10164.00 46.67 9
10224.50 32.15 10
10285.00 13.95 10
10345.50 8.78 9
10406.00 8.28 9
10466.50 8.38 8
10527.00 8.44 9
10587.50 8.50 7
10648.00 8.00 8
10708.50 8.36 7
10769.00 8.00 8
10829.50 8.83 6
10890.00 10.30 5
10950.50 8.75 6
11011.00 10.60 5
11071.50 9.38 4
11132.00 9.36 7
11192.50 8.21 7
11253.00 8.38 8
11313.50 8.71 7
11374.00 8.19 8
11434.50 10.86 7
11495.00 9.92 6
11555.50 8.75 6
11616.00 9.64 7
11676.50 9.42 6
11737.00 10.00 6
11797.50 8.70 5
11858.00 8.20 5
11918.50 8.20 5
11979.00 7.30 5
12039.50 8.21 7
12100.00 8.44 8
12160.50 8.44 8
12221.00 8.56 8
12281.50 8.44 8
12342.00 9.14 7
12402.50 7.79 7
12463.00 9.83 6
12523.50 8.58 6
12584.00 8.79 7
12644.50 8.75 6
12705.00 9.58 6
12765.50 9.83 6
12826.00 8.67 6
12886.50 7.67 6
12947.00 8.93 7
13007.50 8.79 7
13068.00 8.79 7
13128.50 8.93 7
13189.00 8.36 7
13249.50 8.38 8
13310.00 9.36 7
13370.50 9.19 8
13431.00 9.14 7
13491.50 9.00 8
13552.00 8.29 7
13612.50 6.50 6
13673.00 9.25 6
13733.50 8.58 6
13794.00 12.07 7
13854.50 8.38 8
13915.00 8.44 9
13975.50 8.33 9
14036.00 8.69 8
14096.50 8.50 9
14157.00 8.94 8
14217.50 11.14 7
14278.00 10.93 7
14338.50 12.69 8
14399.00 21.42 6
14459.50 34.40 5
14520.00 51.92 6
14580.50 68.00 7
14641.00 79.69 8
14701.50 85.44 8
14762.00 84.50 9
14822.50 68.09 11
14883.00 27.59 11
14943.50 9.57 7
15004.00 11.57 7
15064.50 9.70 5
15125.00 8.80 5
15185.50 6.60 5
15246.00 7.30 5
15306.50 8.20 5
15367.00 8.25 8
15427.50 9.00 7
15488.00 9.00 8
15548.50 9.36 7
15609.00 9.31 8
15669.50 8.22 9
15730.00 8.44 8
15790.50 8.39 9
15851.00 8.25 8
15911.50 8.50 9
15972.00 9.70 5
16032.50 11.00 5
16093.00 8.75 4
16153.50 10.83 6
16214.00 10.20 5
16274.50 9.21 7
16335.00 9.14 7
16395.50 8.67 6
16456.00 9.36 7
16516.50 9.33 6
16577.00 12.75 4
16637.50 8.25 4
16698.00 8.88 4
16758.50 8.62 4
16819.00 10.25 4
16879.50 6.50 3
16940.00 10.50 5
17000.50 6.50 3
17061.00 13.00 4
17121.50 9.20 5
17182.00 8.50 7
17242.50 8.81 8
17303.00 9.07 7
17363.50 8.62 8
17424.00 8.50 7
17484.50 9.71 7
17545.00 8.57 7
17605.50 9.43 7
17666.00 11.08 6
17726.50 9.29 7
17787.00 10.70 5
17847.50 7.33 6
17908.00 9.30 5
17968.50 8.50 6
18029.00 8.90 5
18089.50 8.10 5
18150.00 8.10 5
18210.50 6.50 5
18271.00 7.40 5
18331.50 7.29 7
18392.00 8.39 9
18452.50 8.55 10
18513.00 8.50 9
18573.50 8.39 9
18634.00 8.22 9
18694.50 8.22 9
18755.00 8.25 8
18815.50 8.28 9
18876.00 8.44 9
18936.50 8.93 7
18997.00 9.71 7
19057.50 9.64 7
19118.00 8.71 7
19178.50 9.42 6
19239.00 10.00 6
19299.50 12.00 3
19360.00 10.70 5
19420.50 9.83 3
19481.00 6.50 4
19541.50 8.00 5
19602.00 8.70 5
19662.50 8.60 5
19723.00 8.12 4
19783.50 7.60 5
19844.00 7.33 6
19904.50 8.14 7
19965.00 9.25 8
20025.50 9.64 7
20086.00 8.64 7
20146.50 9.29 7
20207.00 10.83 6
20267.50 8.14 7
20328.00 9.14 7
20388.50 8.58 6
20449.00 8.50 8
20509.50 8.50 7
20570.00 8.50 8
20630.50 8.50 7
20691.00 9.00 8
20751.50 8.50 8
20812.00 8.39 9
20872.50 8.44 9
20933.00 8.56 8
20993.50 8.44 9
21054.00 8.22 9
21114.50 8.10 10
21175.00 8.78 9
21235.50 10.33 9
21296.00 15.19 8
21356.50 19.75 8
21417.00 16.67 6
21477.50 21.08 6
21538.00 31.50 5
21598.50 49.00 5
