60.50 9.60 5
121.00 13.70 5
181.50 8.50 7
242.00 8.58 6
302.50 9.25 6
363.00 8.80 5
423.50 6.50 5
484.00 7.60 5
544.50 9.70 5
605.00 8.00 5
665.50 9.25 6
726.00 10.80 5
786.50 9.33 6
847.00 9.80 5
907.50 9.40 5
968.00 9.28 9
1028.50 8.62 8
1089.00 8.94 8
1149.50 8.56 8
1210.00 8.75 8
1270.50 8.75 6
1331.00 12.00 6
1391.50 10.08 6
1452.00 10.17 6
1512.50 10.75 6
1573.00 8.29 7
1633.50 11.79 7
1694.00 8.50 7
1754.50 8.33 6
1815.00 8.86 7
1875.50 8.44 8
1936.00 8.69 8
1996.50 8.62 8
2057.00 8.75 8
2117.50 10.25 8
2178.00 8.81 8
2238.50 9.57 7
2299.00 10.69 8
2359.50 16.70 5
2420.00 39.62 4
2480.50 70.00 4
2541.00 105.83 3
2601.50 141.83 3
2662.00 178.83 3
2722.50 218.62 4
2783.00 258.33 3
2843.50 295.25 4
2904.00 307.33 3
2964.50 306.12 4
3025.00 303.88 4
3085.50 293.88 4
3146.00 279.25 4
3206.50 264.30 5
3267.00 240.25 4
3327.50 211.90 5
3388.00 202.25 6
3448.50 185.10 5
3509.00 181.36 7
3569.50 164.58 6
3630.00 155.64 7
3690.50 140.69 8
3751.00 121.69 8
3811.50 111.33 9
3872.00 97.59 11
3932.50 74.12 12
3993.00 49.75 12
4053.50 40.10 10
4114.00 44.12 8
4174.50 60.86 7
4235.00 83.75 6
4295.50 109.80 5
4356.00 143.50 4
4416.50 178.88 4
4477.00 218.62 4
4537.50 260.33 3
4598.00 290.00 3
4658.50 312.00 3
4719.00 330.00 3
4779.50 337.50 3
4840.00 331.67 3
4900.50 311.50 3
4961.00 299.75 4
5021.50 292.00 4
5082.00 283.00 4
5142.50 267.88 4
5203.00 265.20 5
5263.50 247.60 5
5324.00 228.50 4
5384.50 217.50 6
5445.00 194.75 6
5505.50 181.67 6
5566.00 161.86 7
5626.50 137.50 8
5687.00 114.50 9
5747.50 105.75 10
5808.00 92.55 11
5868.50 70.90 15
5929.00 32.12 16
5989.50 8.17 9
6050.00 8.40 10
6110.50 8.33 9
6171.00 8.33 9
6231.50 8.45 10
6292.00 8.56 9
6352.50 8.28 9
6413.00 8.10 10
6473.50 8.17 9
6534.00 8.39 9
6594.50 8.28 9
6655.00 8.40 10
6715.50 8.67 9
6776.00 8.11 9
6836.50 8.60 10
6897.00 8.44 9
6957.50 8.05 10
7018.00 7.95 10
7078.50 8.15 10
7139.00 8.05 10
7199.50 8.20 10
7260.00 8.50 7
7320.50 10.42 6
7381.00 8.57 7
7441.50 7.75 6
7502.00 8.14 7
7562.50 7.38 4
7623.00 9.17 3
7683.50 7.12 4
7744.00 12.33 3
7804.50 7.62 4
7865.00 7.92 6
7925.50 6.92 6
7986.00 7.42 6
8046.50 6.92 6
8107.00 8.25 6
8167.50 8.00 7
8228.00 8.00 8
8288.50 8.00 7
8349.00 8.38 8
8409.50 8.00 8
8470.00 8.25 8
8530.50 8.22 9
8591.00 8.25 8
8651.50 8.67 9
8712.00 8.28 9
8772.50 8.56 8
8833.00 8.44 9
8893.50 8.44 9
8954.00 8.50 8
9014.50 8.28 9
9075.00 8.28 9
9135.50 8.25 8
9196.00 8.22 9
9256.50 8.39 9
9317.00 8.50 8
9377.50 8.05 10
9438.00 8.14 11
9498.50 8.40 10
9559.00 8.55 10
9619.50 8.17 9
9680.00 9.06 8
9740.50 8.89 9
9801.00 8.81 8
9861.50 9.14 7
9922.00 10.69 8
9982.50 10.19 8
10043.00 8.56 8
10103.50 8.50 7
10164.00 8.44 8
10224.50 8.50 8
10285.00 8.25 8
10345.50 8.50 9
10406.00 8.44 9
10466.50 8.69 8
10527.00 8.62 8
10587.50 9.31 8
10648.00 8.94 8
10708.50 9.21 7
10769.00 9.50 8
10829.50 8.79 7
10890.00 9.25 4
10950.50 8.08 6
11011.00 8.30 5
11071.50 9.20 5
11132.00 8.67 6
11192.50 9.21 7
11253.00 9.00 8
11313.50 8.86 7
11374.00 9.19 8
11434.50 9.29 7
11495.00 9.92 6
11555.50 8.29 7
11616.00 8.08 6
11676.50 9.07 7
11737.00 9.50 5
11797.50 8.20 5
11858.00 8.20 5
11918.50 6.50 5
11979.00 6.50 5
12039.50 8.36 7
12100.00 8.44 8
12160.50 8.75 8
12221.00 8.56 8
12281.50 8.75 8
12342.00 8.31 8
12402.50 8.25 6
12463.00 8.75 6
12523.50 9.17 6
12584.00 8.00 7
12644.50 8.50 6
12705.00 8.83 6
12765.50 8.83 6
12826.00 9.58 6
12886.50 10.00 6
12947.00 8.29 7
13007.50 8.64 7
13068.00 9.21 7
13128.50 8.50 7
13189.00 8.64 7
13249.50 9.62 8
13310.00 8.71 7
13370.50 9.25 8
13431.00 8.86 7
13491.50 8.50 8
13552.00 7.71 7
13612.50 7.67 6
13673.00 7.86 7
13733.50 9.75 6
13794.00 7.67 6
13854.50 8.44 8
13915.00 8.61 9
13975.50 8.39 9
14036.00 8.25 8
14096.50 8.50 9
14157.00 10.29 7
14217.50 10.75 8
14278.00 12.62 8
14338.50 11.14 7
14399.00 10.21 7
14459.50 10.11 9
14520.00 9.28 9
14580.50 8.44 9
14641.00 8.69 8
14701.50 8.28 9
14762.00 8.25 6
14822.50 9.06 8
14883.00 7.08 6
14943.50 7.75 6
15004.00 9.25 8
15064.50 7.00 5
15125.00 8.90 5
15185.50 9.60 5
15246.00 6.50 5
15306.50 7.30 5
15367.00 9.12 8
15427.50 9.86 7
15488.00 9.31 8
15548.50 9.14 7
15609.00 9.00 8
15669.50 8.25 8
15730.00 8.72 9
15790.50 8.22 9
15851.00 8.25 8
15911.50 8.28 9
15972.00 7.90 5
16032.50 7.70 5
16093.00 9.10 5
16153.50 7.70 5
16214.00 8.25 6
16274.50 8.25 6
16335.00 9.71 7
16395.50 7.14 7
16456.00 9.25 6
16516.50 8.86 7
16577.00 9.50 3
16637.50 10.88 4
16698.00 8.38 4
16758.50 7.12 4
16819.00 10.62 4
16879.50 8.88 4
16940.00 9.00 3
17000.50 11.00 4
17061.00 11.50 4
17121.50 9.30 5
17182.00 8.50 7
17242.50 8.50 8
17303.00 8.50 7
17363.50 9.12 8
17424.00 8.50 7
17484.50 8.14 7
17545.00 9.14 7
17605.50 7.64 7
17666.00 7.50 7
17726.50 7.92 6
17787.00 7.80 5
17847.50 9.50 6
17908.00 7.60 5
17968.50 7.08 6
18029.00 8.00 5
18089.50 8.10 5
18150.00 7.70 5
18210.50 7.70 5
18271.00 7.20 5
18331.50 8.29 7
18392.00 8.28 9
18452.50 8.35 10
18513.00 8.28 9
18573.50 8.39 9
18634.00 8.56 9
18694.50 8.56 9
18755.00 8.88 8
18815.50 8.33 9
18876.00 8.39 9
18936.50 9.07 7
18997.00 8.36 7
19057.50 7.07 7
19118.00 8.29 7
19178.50 7.92 6
19239.00 8.42 6
19299.50 10.62 4
19360.00 6.50 4
19420.50 6.50 3
19481.00 10.12 4
19541.50 7.00 5
19602.00 7.40 5
19662.50 7.50 4
19723.00 7.20 5
19783.50 7.90 5
19844.00 9.00 6
19904.50 8.93 7
19965.00 8.56 8
20025.50 7.79 7
20086.00 8.64 7
20146.50 9.92 6
20207.00 9.36 7
20267.50 8.93 7
20328.00 9.50 7
20388.50 8.92 6
20449.00 7.25 8
20509.50 8.50 7
20570.00 8.50 8
20630.50 8.50 7
20691.00 8.50 8
20751.50 8.31 8
20812.00 8.39 9
20872.50 8.67 9
20933.00 8.38 8
20993.50 8.83 9
21054.00 8.17 9
21114.50 8.56 9
21175.00 8.20 10
21235.50 8.39 9
21296.00 10.06 9
21356.50 13.50 7
21417.00 13.36 7
21477.50 24.00 5
21538.00 40.25 4
21598.50 61.00 5
