60.50 9.60 5
121.00 12.10 5
181.50 8.93 7
242.00 7.83 6
302.50 7.17 6
363.00 7.00 5
423.50 8.10 5
484.00 8.60 5
544.50 8.70 5
605.00 7.70 5
665.50 6.58 6
726.00 7.20 5
786.50 6.92 6
847.00 7.10 5
907.50 9.00 6
968.00 8.00 8
1028.50 8.44 8
1089.00 8.44 8
1149.50 8.19 8
1210.00 8.44 8
1270.50 9.42 6
1331.00 7.17 6
1391.50 10.58 6
1452.00 8.25 6
1512.50 6.79 7
1573.00 8.83 6
1633.50 8.57 7
1694.00 8.42 6
1754.50 9.29 7
1815.00 9.43 7
1875.50 8.19 8
1936.00 8.19 8
1996.50 8.25 8
2057.00 8.19 8
2117.50 8.19 8
2178.00 9.06 8
2238.50 8.50 7
2299.00 9.06 8
2359.50 8.50 7
2420.00 8.75 8
2480.50 8.33 9
2541.00 8.33 9
2601.50 8.38 8
2662.00 8.39 9
2722.50 8.11 9
2783.00 8.72 9
2843.50 8.05 10
2904.00 8.33 9
2964.50 8.28 9
3025.00 7.94 9
3085.50 8.60 10
3146.00 8.22 9
3206.50 8.83 9
3267.00 8.50 9
3327.50 8.33 9
3388.00 8.00 8
3448.50 8.00 7
3509.00 8.00 8
3569.50 8.00 8
3630.00 8.00 7
3690.50 8.38 8
3751.00 8.62 8
3811.50 8.33 9
3872.00 8.44 8
3932.50 8.17 9
3993.00 7.75 10
4053.50 7.75 10
4114.00 7.90 10
4174.50 7.90 10
4235.00 7.80 10
4295.50 7.89 9
4356.00 7.94 9
4416.50 8.20 10
4477.00 8.28 9
4537.50 8.06 9
4598.00 8.17 9
4658.50 8.15 10
4719.00 8.17 9
4779.50 8.22 9
4840.00 8.05 10
4900.50 7.94 9
4961.00 8.06 9
5021.50 8.10 10
5082.00 7.83 9
5142.50 7.83 9
5203.00 8.23 11
5263.50 8.05 10
5324.00 7.95 10
5384.50 7.90 10
5445.00 7.80 10
5505.50 8.11 9
5566.00 8.00 9
5626.50 8.05 10
5687.00 8.17 9
5747.50 8.22 9
5808.00 8.22 9
5868.50 8.20 10
5929.00 8.28 9
5989.50 7.94 9
6050.00 8.35 10
6110.50 8.06 9
6171.00 7.89 9
6231.50 8.30 10
6292.00 8.39 9
6352.50 8.17 9
6413.00 8.20 10
6473.50 8.11 9
6534.00 8.06 9
6594.50 8.44 9
6655.00 8.45 10
6715.50 8.28 9
6776.00 8.17 9
6836.50 7.90 10
6897.00 7.94 9
6957.50 7.75 10
7018.00 8.15 10
7078.50 7.90 10
7139.00 7.90 10
7199.50 7.75 10
7260.00 7.79 7
7320.50 8.00 7
7381.00 8.75 6
7441.50 7.50 6
7502.00 7.36 7
7562.50 6.67 3
7623.00 12.12 4
7683.50 6.50 4
7744.00 6.50 3
7804.50 6.50 3
7865.00 8.29 7
7925.50 6.58 6
7986.00 6.67 6
8046.50 6.75 6
8107.00 7.17 6
8167.50 8.14 7
8228.00 8.00 8
8288.50 8.14 7
8349.00 8.12 8
8409.50 8.69 8
8470.00 8.12 8
8530.50 8.44 9
8591.00 8.44 9
8651.50 8.25 8
8712.00 8.39 9
8772.50 8.25 8
8833.00 8.33 9
8893.50 8.67 9
8954.00 8.25 8
9014.50 8.22 9
9075.00 8.28 9
9135.50 8.38 8
9196.00 8.17 9
9256.50 8.22 9
9317.00 8.25 8
9377.50 7.95 10
9438.00 7.82 11
9498.50 8.20 10
9559.00 7.95 10
9619.50 8.06 9
9680.00 8.56 9
9740.50 8.56 8
9801.00 8.75 8
9861.50 8.75 8
9922.00 8.38 8
9982.50 8.00 7
10043.00 8.12 8
10103.50 8.14 7
10164.00 8.00 8
10224.50 8.12 8
10285.00 8.12 8
10345.50 8.17 9
10406.00 8.11 9
10466.50 8.12 8
10527.00 8.33 9
10587.50 8.50 7
10648.00 8.50 8
10708.50 8.79 7
10769.00 8.75 8
10829.50 8.21 7
10890.00 6.50 4
10950.50 7.75 6
11011.00 7.75 4
11071.50 9.17 6
11132.00 9.17 6
11192.50 8.79 7
11253.00 8.50 8
11313.50 8.79 7
11374.00 8.50 8
11434.50 8.43 7
11495.00 11.08 6
11555.50 10.07 7
11616.00 6.92 6
11676.50 9.92 6
11737.00 7.33 6
11797.50 7.20 5
11858.00 8.10 5
11918.50 6.60 5
11979.00 7.50 5
12039.50 7.14 7
12100.00 8.69 8
12160.50 8.50 8
12221.00 8.38 8
12281.50 8.25 8
12342.00 8.64 7
12402.50 7.58 6
12463.00 9.43 7
12523.50 9.42 6
12584.00 9.43 7
12644.50 7.67 6
12705.00 7.30 5
12765.50 8.93 7
12826.00 11.33 6
12886.50 9.00 6
12947.00 8.71 7
13007.50 8.64 7
13068.00 8.29 7
13128.50 8.25 6
13189.00 9.56 8
13249.50 8.50 8
13310.00 8.50 7
13370.50 8.50 8
13431.00 8.50 7
13491.50 8.69 8
13552.00 7.93 7
13612.50 7.58 6
13673.00 7.42 6
13733.50 8.07 7
13794.00 9.17 6
13854.50 8.38 8
13915.00 8.11 9
13975.50 8.28 9
14036.00 8.38 8
14096.50 8.17 9
14157.00 8.38 8
14217.50 8.00 7
14278.00 8.31 8
14338.50 8.50 7
14399.00 8.00 8
14459.50 8.12 8
14520.00 8.22 9
14580.50 8.28 9
14641.00 8.12 8
14701.50 8.39 9
14762.00 7.64 7
14822.50 9.08 6
14883.00 8.56 8
14943.50 6.75 6
15004.00 7.71 7
15064.50 6.90 5
15125.00 6.50 5
15185.50 7.40 5
15246.00 7.60 5
15306.50 7.90 5
15367.00 8.79 7
15427.50 8.88 8
15488.00 8.88 8
15548.50 9.14 7
15609.00 9.31 8
15669.50 8.72 9
15730.00 8.25 8
15790.50 8.22 9
15851.00 8.72 9
15911.50 8.12 8
15972.00 9.40 5
16032.50 10.00 5
16093.00 8.40 5
16153.50 7.90 5
16214.00 7.90 5
16274.50 8.14 7
16335.00 8.86 7
16395.50 7.36 7
16456.00 9.58 6
16516.50 8.93 7
16577.00 12.25 4
16637.50 9.33 3
16698.00 6.50 4
16758.50 11.38 4
16819.00 8.25 4
16879.50 10.38 4
16940.00 6.50 3
17000.50 10.12 4
17061.00 10.25 4
17121.50 6.50 5
17182.00 8.07 7
17242.50 8.88 8
17303.00 8.79 7
17363.50 8.50 8
17424.00 8.71 7
17484.50 9.43 7
17545.00 8.93 7
17605.50 7.93 7
17666.00 8.64 7
17726.50 6.50 6
17787.00 7.00 5
17847.50 7.58 6
17908.00 6.50 5
17968.50 10.50 5
18029.00 9.25 6
18089.50 6.50 5
18150.00 7.20 5
18210.50 7.50 5
18271.00 7.20 5
18331.50 7.43 7
18392.00 8.50 9
18452.50 7.90 10
18513.00 8.28 9
18573.50 8.11 9
18634.00 8.11 9
18694.50 8.17 9
18755.00 8.25 8
18815.50 8.39 9
18876.00 8.17 9
18936.50 8.00 8
18997.00 8.92 6
19057.50 8.00 7
19118.00 9.14 7
19178.50 7.67 6
19239.00 8.50 6
19299.50 13.67 3
19360.00 7.90 5
19420.50 11.50 3
19481.00 8.00 4
19541.50 7.20 5
19602.00 6.60 5
19662.50 7.50 4
19723.00 8.70 5
19783.50 6.50 5
19844.00 7.58 6
19904.50 8.07 7
19965.00 8.56 8
20025.50 8.64 7
20086.00 9.00 7
20146.50 8.25 6
20207.00 9.36 7
20267.50 7.71 7
20328.00 7.21 7
20388.50 8.21 7
20449.00 9.86 7
20509.50 8.86 7
20570.00 8.50 8
20630.50 8.79 7
20691.00 8.75 8
20751.50 8.44 8
20812.00 8.11 9
20872.50 8.33 9
20933.00 8.38 8
20993.50 8.28 9
21054.00 8.00 9
21114.50 7.85 10
21175.00 8.00 9
21235.50 8.06 9
21296.00 8.10 10
21356.50 9.33 6
21417.00 8.29 7
21477.50 8.79 7
21538.00 7.50 7
21598.50 8.93 7
