60.50 1.11
121.00 17.44
181.50 16.00
242.00 18.16
302.50 15.53
363.00 17.08
423.50 17.30
484.00 17.69
544.50 19.32
605.00 17.98
665.50 20.69
726.00 15.85
786.50 18.13
847.00 17.80
907.50 22.89
968.00 19.35
1028.50 22.57
1089.00 21.59
1149.50 21.27
1210.00 19.10
1270.50 22.39
1331.00 20.18
1391.50 18.16
1452.00 20.76
1512.50 19.86
1573.00 21.09
1633.50 23.54
1694.00 24.59
1754.50 24.99
1815.00 25.24
1875.50 37.41
1936.00 38.74
1996.50 24.55
2057.00 21.16
2117.50 21.52
2178.00 19.25
2238.50 22.75
2299.00 21.77
2359.50 21.09
2420.00 18.16
2480.50 22.53
2541.00 19.53
2601.50 21.12
2662.00 23.18
2722.50 24.05
2783.00 20.04
2843.50 20.65
2904.00 20.40
2964.50 21.77
3025.00 20.26
3085.50 22.03
3146.00 22.64
3206.50 22.06
3267.00 19.64
3327.50 21.63
3388.00 23.98
3448.50 23.90
3509.00 20.69
3569.50 20.94
3630.00 22.60
3690.50 44.27
3751.00 68.35
3811.50 86.99
3872.00 90.56
3932.50 82.65
3993.00 56.51
4053.50 62.40
4114.00 84.39
4174.50 108.15
4235.00 60.70
4295.50 58.78
4356.00 91.46
4416.50 81.39
4477.00 81.42
4537.50 108.51
4598.00 70.34
4658.50 93.30
4719.00 102.40
4779.50 73.91
4840.00 85.00
4900.50 109.19
4961.00 76.44
5021.50 60.92
5082.00 82.15
5142.50 88.10
5203.00 66.91
5263.50 44.23
5324.00 80.85
5384.50 80.67
5445.00 74.56
5505.50 71.78
5566.00 80.52
5626.50 76.91
5687.00 73.37
5747.50 74.53
5808.00 93.85
5868.50 74.24
5929.00 104.97
5989.50 92.33
6050.00 98.22
6110.50 97.75
6171.00 79.58
6231.50 70.81
6292.00 99.77
6352.50 62.43
6413.00 87.56
6473.50 78.93
6534.00 76.51
6594.50 85.25
6655.00 97.89
6715.50 94.17
6776.00 68.93
6836.50 83.59
6897.00 89.04
6957.50 79.87
7018.00 86.08
7078.50 102.62
7139.00 82.54
7199.50 94.57
7260.00 79.47
7320.50 92.11
7381.00 82.15
7441.50 72.94
7502.00 108.54
7562.50 89.01
7623.00 83.92
7683.50 61.49
7744.00 75.11
7804.50 69.51
7865.00 94.28
7925.50 61.17
7986.00 63.77
8046.50 55.46
8107.00 47.30
8167.50 36.11
8228.00 18.81
8288.50 17.55
8349.00 14.41
8409.50 15.67
8470.00 17.01
8530.50 16.36
8591.00 18.20
8651.50 16.79
8712.00 16.10
8772.50 17.58
8833.00 15.60
8893.50 15.67
8954.00 15.06
9014.50 13.76
9075.00 16.65
9135.50 15.78
9196.00 20.58
9256.50 18.13
9317.00 16.10
9377.50 19.14
9438.00 19.32
9498.50 20.83
9559.00 20.15
9619.50 17.37
9680.00 18.70
9740.50 17.44
9801.00 18.27
9861.50 16.90
9922.00 18.16
9982.50 17.55
10043.00 14.34
10103.50 17.26
10164.00 15.38
10224.50 15.96
10285.00 15.67
10345.50 17.87
10406.00 17.26
10466.50 13.72
10527.00 16.14
10587.50 15.27
10648.00 18.34
10708.50 15.49
10769.00 17.62
10829.50 16.93
10890.00 17.87
10950.50 19.28
11011.00 18.67
11071.50 17.51
11132.00 14.48
11192.50 20.29
11253.00 18.96
11313.50 22.71
11374.00 18.38
11434.50 21.67
11495.00 20.26
11555.50 17.80
11616.00 17.84
11676.50 14.52
11737.00 17.26
11797.50 15.60
11858.00 15.27
11918.50 17.33
11979.00 12.67
12039.50 16.21
12100.00 16.07
12160.50 17.84
12221.00 19.53
12281.50 17.69
12342.00 15.13
12402.50 19.25
12463.00 20.62
12523.50 19.17
12584.00 20.91
12644.50 20.22
12705.00 18.49
12765.50 21.85
12826.00 20.80
12886.50 21.23
12947.00 21.92
13007.50 17.08
13068.00 19.35
13128.50 18.02
13189.00 17.40
13249.50 16.50
13310.00 15.17
13370.50 16.61
13431.00 15.67
13491.50 15.85
13552.00 15.53
13612.50 16.14
13673.00 17.84
13733.50 17.95
13794.00 18.92
13854.50 15.42
13915.00 21.99
13975.50 21.05
14036.00 21.09
14096.50 20.76
14157.00 21.27
14217.50 18.70
14278.00 16.14
14338.50 15.27
14399.00 17.91
14459.50 17.40
14520.00 16.97
14580.50 17.58
14641.00 17.48
14701.50 18.34
14762.00 17.84
14822.50 17.01
14883.00 17.26
14943.50 19.35
15004.00 16.86
15064.50 17.19
15125.00 19.86
15185.50 15.67
15246.00 17.55
15306.50 19.07
15367.00 19.93
15427.50 16.61
15488.00 18.31
15548.50 15.60
15609.00 16.97
15669.50 18.96
15730.00 19.14
15790.50 18.63
15851.00 19.28
15911.50 19.14
15972.00 19.93
16032.50 19.10
16093.00 19.86
16153.50 17.22
16214.00 20.15
16274.50 18.56
16335.00 18.60
16395.50 22.46
16456.00 20.69
16516.50 18.27
16577.00 19.75
16637.50 20.83
16698.00 19.86
16758.50 19.68
16819.00 19.82
16879.50 19.82
16940.00 20.44
17000.50 16.50
17061.00 17.58
17121.50 17.40
17182.00 17.01
17242.50 20.29
17303.00 17.66
17363.50 20.29
17424.00 18.85
17484.50 14.34
17545.00 19.32
17605.50 18.96
17666.00 16.90
17726.50 18.42
17787.00 17.44
17847.50 17.37
17908.00 17.55
17968.50 17.87
18029.00 17.19
18089.50 18.16
18150.00 14.80
18210.50 14.12
18271.00 18.02
18331.50 21.05
18392.00 20.40
18452.50 16.36
18513.00 17.80
18573.50 17.69
18634.00 17.51
18694.50 17.62
18755.00 18.42
18815.50 17.69
18876.00 19.28
18936.50 18.09
18997.00 17.69
19057.50 17.51
19118.00 20.94
19178.50 22.89
19239.00 22.32
19299.50 19.72
19360.00 18.78
19420.50 15.78
19481.00 16.10
19541.50 16.57
19602.00 16.79
19662.50 18.23
19723.00 16.68
19783.50 17.84
19844.00 17.84
19904.50 19.10
19965.00 19.14
20025.50 17.51
20086.00 20.73
20146.50 23.04
20207.00 15.60
20267.50 17.95
20328.00 18.88
20388.50 19.03
20449.00 14.95
20509.50 19.28
20570.00 17.37
20630.50 17.04
20691.00 18.13
20751.50 18.92
20812.00 18.70
20872.50 17.30
20933.00 16.50
20993.50 19.68
21054.00 18.05
21114.50 16.90
21175.00 22.17
21235.50 20.00
21296.00 21.52
21356.50 22.78
21417.00 21.38
21477.50 17.40
21538.00 17.58
21598.50 17.98
