60.50 59.50
121.00 1190.08
181.50 1606.61
242.00 1428.10
302.50 1071.07
363.00 1487.60
423.50 1487.60
484.00 1309.09
544.50 1606.61
605.00 1606.61
665.50 1725.62
726.00 1428.10
786.50 1606.61
847.00 1606.61
907.50 1725.62
968.00 1725.62
1028.50 1725.62
1089.00 1725.62
1149.50 1785.12
1210.00 1785.12
1270.50 1725.62
1331.00 1844.63
1391.50 1785.12
1452.00 1785.12
1512.50 1725.62
1573.00 1725.62
1633.50 1785.12
1694.00 1963.64
1754.50 1785.12
1815.00 2142.15
1875.50 2023.14
1936.00 1725.62
1996.50 1785.12
2057.00 1844.63
2117.50 1725.62
2178.00 1547.11
2238.50 1785.12
2299.00 1963.64
2359.50 1844.63
2420.00 1725.62
2480.50 1547.11
2541.00 1487.60
2601.50 1725.62
2662.00 1725.62
2722.50 1725.62
2783.00 1547.11
2843.50 1428.10
2904.00 1844.63
2964.50 1904.13
3025.00 1725.62
3085.50 1785.12
3146.00 1904.13
3206.50 2023.14
3267.00 1904.13
3327.50 1666.12
3388.00 1785.12
3448.50 1844.63
3509.00 1725.62
3569.50 1725.62
3630.00 1606.61
3690.50 1428.10
3751.00 1904.13
3811.50 1249.59
3872.00 1666.12
3932.50 1606.61
3993.00 2082.64
4053.50 1606.61
4114.00 1666.12
4174.50 833.06
4235.00 1904.13
4295.50 1547.11
4356.00 1428.10
4416.50 1368.60
4477.00 1547.11
4537.50 1666.12
4598.00 1725.62
4658.50 714.05
4719.00 1963.64
4779.50 1666.12
4840.00 1011.57
4900.50 1011.57
4961.00 1606.61
5021.50 1844.63
5082.00 1190.08
5142.50 1487.60
5203.00 1844.63
5263.50 2023.14
5324.00 1190.08
5384.50 1904.13
5445.00 1368.60
5505.50 1725.62
5566.00 1071.07
5626.50 1785.12
5687.00 1844.63
5747.50 1249.59
5808.00 1785.12
5868.50 1666.12
5929.00 1428.10
5989.50 1309.09
6050.00 952.07
6110.50 1666.12
6171.00 1666.12
6231.50 1071.07
6292.00 1547.11
6352.50 1547.11
6413.00 1190.08
6473.50 1309.09
6534.00 1130.58
6594.50 1785.12
6655.00 952.07
6715.50 1547.11
6776.00 1487.60
6836.50 1309.09
6897.00 1309.09
6957.50 1428.10
7018.00 1249.59
7078.50 1011.57
7139.00 1785.12
7199.50 1428.10
7260.00 1666.12
7320.50 1309.09
7381.00 1785.12
7441.50 1249.59
7502.00 1071.07
7562.50 1011.57
7623.00 1725.62
7683.50 1725.62
7744.00 1309.09
7804.50 1428.10
7865.00 1071.07
7925.50 1725.62
7986.00 1725.62
8046.50 2082.64
8107.00 1904.13
8167.50 2142.15
8228.00 1606.61
8288.50 1071.07
8349.00 1547.11
8409.50 1190.08
8470.00 1368.60
8530.50 1368.60
8591.00 1249.59
8651.50 1130.58
8712.00 1309.09
8772.50 1130.58
8833.00 1309.09
8893.50 833.06
8954.00 1368.60
9014.50 1071.07
9075.00 1428.10
9135.50 1309.09
9196.00 1487.60
9256.50 1428.10
9317.00 1785.12
9377.50 1368.60
9438.00 1606.61
9498.50 1725.62
9559.00 1785.12
9619.50 1190.08
9680.00 1547.11
9740.50 1368.60
9801.00 1190.08
9861.50 1547.11
9922.00 1487.60
9982.50 1606.61
10043.00 1309.09
10103.50 1368.60
10164.00 1190.08
10224.50 952.07
10285.00 1130.58
10345.50 1368.60
10406.00 1309.09
10466.50 1309.09
10527.00 1368.60
10587.50 1368.60
10648.00 1606.61
10708.50 1487.60
10769.00 1309.09
10829.50 1547.11
10890.00 1428.10
10950.50 1428.10
11011.00 1428.10
11071.50 1309.09
11132.00 1547.11
11192.50 1547.11
11253.00 1428.10
11313.50 1904.13
11374.00 1428.10
11434.50 1666.12
11495.00 1725.62
11555.50 1428.10
11616.00 1666.12
11676.50 1547.11
11737.00 1249.59
11797.50 1368.60
11858.00 1249.59
11918.50 952.07
11979.00 1428.10
12039.50 1309.09
12100.00 1368.60
12160.50 1071.07
12221.00 1368.60
12281.50 1606.61
12342.00 1487.60
12402.50 1487.60
12463.00 1666.12
12523.50 1785.12
12584.00 1547.11
12644.50 1666.12
12705.00 1606.61
12765.50 1785.12
12826.00 1725.62
12886.50 1844.63
12947.00 1547.11
13007.50 1666.12
13068.00 1547.11
13128.50 1487.60
13189.00 1666.12
13249.50 1249.59
13310.00 1368.60
13370.50 1190.08
13431.00 773.55
13491.50 1249.59
13552.00 1368.60
13612.50 1606.61
13673.00 1428.10
13733.50 1487.60
13794.00 1547.11
13854.50 1547.11
13915.00 1725.62
13975.50 1725.62
14036.00 1428.10
14096.50 1785.12
14157.00 1725.62
14217.50 1487.60
14278.00 1547.11
14338.50 1309.09
14399.00 1428.10
14459.50 1428.10
14520.00 1547.11
14580.50 1785.12
14641.00 1190.08
14701.50 1606.61
14762.00 1428.10
14822.50 1487.60
14883.00 1249.59
14943.50 1487.60
15004.00 1487.60
15064.50 1547.11
15125.00 1428.10
15185.50 1487.60
15246.00 1190.08
15306.50 1428.10
15367.00 1606.61
15427.50 1428.10
15488.00 1606.61
15548.50 1487.60
15609.00 1368.60
15669.50 1428.10
15730.00 1785.12
15790.50 1725.62
15851.00 1606.61
15911.50 1666.12
15972.00 1606.61
16032.50 1368.60
16093.00 1606.61
16153.50 1606.61
16214.00 1428.10
16274.50 1309.09
16335.00 1547.11
16395.50 1963.64
16456.00 1547.11
16516.50 1666.12
16577.00 1547.11
16637.50 1725.62
16698.00 1606.61
16758.50 1487.60
16819.00 1428.10
16879.50 1725.62
16940.00 1785.12
17000.50 1606.61
17061.00 1428.10
17121.50 1547.11
17182.00 1309.09
17242.50 1368.60
17303.00 1666.12
17363.50 1606.61
17424.00 1428.10
17484.50 1428.10
17545.00 1725.62
17605.50 1249.59
17666.00 1428.10
17726.50 1368.60
17787.00 1487.60
17847.50 1368.60
17908.00 1309.09
17968.50 1487.60
18029.00 1547.11
18089.50 1249.59
18150.00 1011.57
18210.50 1368.60
18271.00 1428.10
18331.50 1606.61
18392.00 1666.12
18452.50 1487.60
18513.00 1249.59
18573.50 1368.60
18634.00 1368.60
18694.50 1725.62
18755.00 1606.61
18815.50 1368.60
18876.00 1368.60
18936.50 1606.61
18997.00 1368.60
19057.50 1606.61
19118.00 1666.12
19178.50 1785.12
19239.00 1666.12
19299.50 1606.61
19360.00 1606.61
19420.50 1368.60
19481.00 1487.60
19541.50 1487.60
19602.00 1428.10
19662.50 1130.58
19723.00 1487.60
19783.50 1249.59
19844.00 1309.09
19904.50 1547.11
19965.00 1606.61
20025.50 1368.60
20086.00 1785.12
20146.50 1785.12
20207.00 1606.61
20267.50 1666.12
20328.00 1606.61
20388.50 1428.10
20449.00 1249.59
20509.50 1487.60
20570.00 1428.10
20630.50 1547.11
20691.00 1368.60
20751.50 1487.60
20812.00 1428.10
20872.50 1487.60
20933.00 1428.10
20993.50 1487.60
21054.00 1844.63
21114.50 1309.09
21175.00 1785.12
21235.50 1666.12
21296.00 1547.11
21356.50 1666.12
21417.00 1606.61
21477.50 1547.11
21538.00 1368.60
21598.50 1666.12
