60.50 297.52
121.00 952.07
181.50 892.56
242.00 1190.08
302.50 892.56
363.00 1130.58
423.50 1190.08
484.00 1011.57
544.50 1190.08
605.00 1190.08
665.50 1190.08
726.00 833.06
786.50 1547.11
847.00 1130.58
907.50 1606.61
968.00 1130.58
1028.50 1309.09
1089.00 1487.60
1149.50 1190.08
1210.00 1368.60
1270.50 1249.59
1331.00 1130.58
1391.50 1249.59
1452.00 1130.58
1512.50 1428.10
1573.00 1368.60
1633.50 1368.60
1694.00 1606.61
1754.50 1666.12
1815.00 1725.62
1875.50 952.07
1936.00 1785.12
1996.50 1725.62
2057.00 1368.60
2117.50 1309.09
2178.00 1130.58
2238.50 1368.60
2299.00 1487.60
2359.50 1249.59
2420.00 1368.60
2480.50 1309.09
2541.00 1309.09
2601.50 1249.59
2662.00 1547.11
2722.50 1368.60
2783.00 1368.60
2843.50 1309.09
2904.00 1249.59
2964.50 1428.10
3025.00 1547.11
3085.50 1487.60
3146.00 1249.59
3206.50 1547.11
3267.00 1190.08
3327.50 1071.07
3388.00 1130.58
3448.50 1368.60
3509.00 1428.10
3569.50 1309.09
3630.00 1309.09
3690.50 595.04
3751.00 714.05
3811.50 476.03
3872.00 1130.58
3932.50 773.55
3993.00 1428.10
4053.50 654.55
4114.00 535.54
4174.50 59.50
4235.00 416.53
4295.50 892.56
4356.00 773.55
4416.50 952.07
4477.00 1071.07
4537.50 654.55
4598.00 1368.60
4658.50 833.06
4719.00 773.55
4779.50 773.55
4840.00 654.55
4900.50 595.04
4961.00 595.04
5021.50 1130.58
5082.00 1249.59
5142.50 1011.57
5203.00 654.55
5263.50 952.07
5324.00 1011.57
5384.50 1130.58
5445.00 1130.58
5505.50 416.53
5566.00 1011.57
5626.50 595.04
5687.00 416.53
5747.50 654.55
5808.00 535.54
5868.50 952.07
5929.00 297.52
5989.50 476.03
6050.00 297.52
6110.50 416.53
6171.00 416.53
6231.50 773.55
6292.00 892.56
6352.50 1130.58
6413.00 773.55
6473.50 1190.08
6534.00 1130.58
6594.50 1011.57
6655.00 1130.58
6715.50 595.04
6776.00 1071.07
6836.50 416.53
6897.00 535.54
6957.50 1249.59
7018.00 833.06
7078.50 476.03
7139.00 1190.08
7199.50 535.54
7260.00 595.04
7320.50 297.52
7381.00 833.06
7441.50 1249.59
7502.00 1071.07
7562.50 1844.63
7623.00 1130.58
7683.50 1249.59
7744.00 892.56
7804.50 1666.12
7865.00 892.56
7925.50 1071.07
7986.00 1071.07
8046.50 714.05
8107.00 1190.08
8167.50 1606.61
8228.00 1011.57
8288.50 1130.58
8349.00 892.56
8409.50 1011.57
8470.00 1071.07
8530.50 1309.09
8591.00 1190.08
8651.50 952.07
8712.00 1011.57
8772.50 1309.09
8833.00 952.07
8893.50 833.06
8954.00 892.56
9014.50 833.06
9075.00 1190.08
9135.50 952.07
9196.00 1309.09
9256.50 1190.08
9317.00 1190.08
9377.50 1249.59
9438.00 1368.60
9498.50 892.56
9559.00 1190.08
9619.50 1368.60
9680.00 952.07
9740.50 1071.07
9801.00 1249.59
9861.50 1011.57
9922.00 1190.08
9982.50 1309.09
10043.00 892.56
10103.50 952.07
10164.00 1130.58
10224.50 952.07
10285.00 1130.58
10345.50 1071.07
10406.00 1130.58
10466.50 1071.07
10527.00 892.56
10587.50 1130.58
10648.00 1309.09
10708.50 1071.07
10769.00 1011.57
10829.50 892.56
10890.00 1130.58
10950.50 1309.09
11011.00 952.07
11071.50 892.56
11132.00 892.56
11192.50 1368.60
11253.00 1071.07
11313.50 1428.10
11374.00 1130.58
11434.50 1428.10
11495.00 1309.09
11555.50 952.07
11616.00 1249.59
11676.50 952.07
11737.00 892.56
11797.50 1011.57
11858.00 1249.59
11918.50 833.06
11979.00 833.06
12039.50 1190.08
12100.00 952.07
12160.50 1190.08
12221.00 1130.58
12281.50 1071.07
12342.00 952.07
12402.50 1249.59
12463.00 1487.60
12523.50 1249.59
12584.00 1190.08
12644.50 1368.60
12705.00 1011.57
12765.50 1309.09
12826.00 1130.58
12886.50 1547.11
12947.00 1130.58
13007.50 1071.07
13068.00 1249.59
13128.50 1190.08
13189.00 1130.58
13249.50 1071.07
13310.00 952.07
13370.50 1130.58
13431.00 1249.59
13491.50 892.56
13552.00 1011.57
13612.50 1071.07
13673.00 1130.58
13733.50 1130.58
13794.00 1249.59
13854.50 1190.08
13915.00 1547.11
13975.50 1249.59
14036.00 1190.08
14096.50 1249.59
14157.00 1368.60
14217.50 1368.60
14278.00 1249.59
14338.50 1071.07
14399.00 1309.09
14459.50 1011.57
14520.00 1249.59
14580.50 1190.08
14641.00 952.07
14701.50 1130.58
14762.00 1071.07
14822.50 1071.07
14883.00 1249.59
14943.50 1011.57
15004.00 1130.58
15064.50 892.56
15125.00 1011.57
15185.50 1011.57
15246.00 1190.08
15306.50 1249.59
15367.00 892.56
15427.50 833.06
15488.00 1249.59
15548.50 952.07
15609.00 1130.58
15669.50 1428.10
15730.00 1309.09
15790.50 1130.58
15851.00 1428.10
15911.50 1428.10
15972.00 1011.57
16032.50 1190.08
16093.00 1309.09
16153.50 1130.58
16214.00 1011.57
16274.50 1309.09
16335.00 1130.58
16395.50 1190.08
16456.00 1309.09
16516.50 1190.08
16577.00 1130.58
16637.50 1071.07
16698.00 1011.57
16758.50 1011.57
16819.00 1130.58
16879.50 1190.08
16940.00 1011.57
17000.50 1071.07
17061.00 1190.08
17121.50 1011.57
17182.00 1249.59
17242.50 1130.58
17303.00 1071.07
17363.50 1130.58
17424.00 1190.08
17484.50 1130.58
17545.00 1190.08
17605.50 1071.07
17666.00 1011.57
17726.50 1368.60
17787.00 952.07
17847.50 952.07
17908.00 1130.58
17968.50 1249.59
18029.00 1071.07
18089.50 1130.58
18150.00 1071.07
18210.50 1130.58
18271.00 1011.57
18331.50 1249.59
18392.00 1249.59
18452.50 1071.07
18513.00 1368.60
18573.50 1309.09
18634.00 1130.58
18694.50 1071.07
18755.00 1130.58
18815.50 1190.08
18876.00 1309.09
18936.50 892.56
18997.00 892.56
19057.50 952.07
19118.00 1190.08
19178.50 1428.10
19239.00 1130.58
19299.50 1249.59
19360.00 1130.58
19420.50 892.56
19481.00 892.56
19541.50 1428.10
19602.00 892.56
19662.50 1190.08
19723.00 833.06
19783.50 952.07
19844.00 1130.58
19904.50 1130.58
19965.00 1428.10
20025.50 1190.08
20086.00 1130.58
20146.50 1487.60
20207.00 1190.08
20267.50 1190.08
20328.00 1368.60
20388.50 1130.58
20449.00 952.07
20509.50 1606.61
20570.00 952.07
20630.50 1190.08
20691.00 1011.57
20751.50 1249.59
20812.00 1071.07
20872.50 1190.08
20933.00 1249.59
20993.50 1249.59
21054.00 1130.58
21114.50 1249.59
21175.00 1249.59
21235.50 1368.60
21296.00 1190.08
21356.50 1011.57
21417.00 1249.59
21477.50 1071.07
21538.00 1011.57
21598.50 1190.08
