60.50 59.50
121.00 1666.12
181.50 1487.60
242.00 1904.13
302.50 1725.62
363.00 1487.60
423.50 1785.12
484.00 1666.12
544.50 1666.12
605.00 1547.11
665.50 1666.12
726.00 1487.60
786.50 1725.62
847.00 1368.60
907.50 1963.64
968.00 1844.63
1028.50 1904.13
1089.00 1963.64
1149.50 1725.62
1210.00 1725.62
1270.50 1844.63
1331.00 1904.13
1391.50 1785.12
1452.00 1666.12
1512.50 1606.61
1573.00 1904.13
1633.50 2023.14
1694.00 2201.65
1754.50 1904.13
1815.00 2142.15
1875.50 1963.64
1936.00 1666.12
1996.50 1963.64
2057.00 2023.14
2117.50 2023.14
2178.00 1725.62
2238.50 1904.13
2299.00 1725.62
2359.50 1785.12
2420.00 1725.62
2480.50 2082.64
2541.00 1785.12
2601.50 1785.12
2662.00 2142.15
2722.50 2082.64
2783.00 1785.12
2843.50 1904.13
2904.00 1904.13
2964.50 1963.64
3025.00 1844.63
3085.50 1725.62
3146.00 1963.64
3206.50 1904.13
3267.00 1487.60
3327.50 1904.13
3388.00 2082.64
3448.50 1904.13
3509.00 1785.12
3569.50 1547.11
3630.00 1309.09
3690.50 952.07
3751.00 1844.63
3811.50 1190.08
3872.00 952.07
3932.50 1249.59
3993.00 1844.63
4053.50 1547.11
4114.00 1487.60
4174.50 833.06
4235.00 2261.16
4295.50 1666.12
4356.00 952.07
4416.50 1249.59
4477.00 1011.57
4537.50 1011.57
4598.00 1368.60
4658.50 952.07
4719.00 1249.59
4779.50 1547.11
4840.00 535.54
4900.50 1368.60
4961.00 1785.12
5021.50 1844.63
5082.00 1249.59
5142.50 1190.08
5203.00 1963.64
5263.50 2320.66
5324.00 1368.60
5384.50 1606.61
5445.00 1249.59
5505.50 1487.60
5566.00 1487.60
5626.50 1844.63
5687.00 1666.12
5747.50 1190.08
5808.00 1190.08
5868.50 1249.59
5929.00 833.06
5989.50 1428.10
6050.00 1071.07
6110.50 1071.07
6171.00 1725.62
6231.50 1071.07
6292.00 1071.07
6352.50 1666.12
6413.00 476.03
6473.50 595.04
6534.00 1547.11
6594.50 1190.08
6655.00 476.03
6715.50 1547.11
6776.00 1785.12
6836.50 1666.12
6897.00 1547.11
6957.50 1547.11
7018.00 892.56
7078.50 1130.58
7139.00 1368.60
7199.50 833.06
7260.00 1547.11
7320.50 1071.07
7381.00 1666.12
7441.50 833.06
7502.00 535.54
7562.50 654.55
7623.00 1190.08
7683.50 1904.13
7744.00 1071.07
7804.50 1844.63
7865.00 952.07
7925.50 1785.12
7986.00 1487.60
8046.50 1904.13
8107.00 2023.14
8167.50 2082.64
8228.00 1487.60
8288.50 1547.11
8349.00 1309.09
8409.50 1487.60
8470.00 1547.11
8530.50 1606.61
8591.00 1487.60
8651.50 1487.60
8712.00 1368.60
8772.50 1785.12
8833.00 1428.10
8893.50 1785.12
8954.00 1428.10
9014.50 1368.60
9075.00 1725.62
9135.50 1487.60
9196.00 1785.12
9256.50 1725.62
9317.00 1428.10
9377.50 1725.62
9438.00 1725.62
9498.50 1725.62
9559.00 1844.63
9619.50 1606.61
9680.00 1725.62
9740.50 1785.12
9801.00 1725.62
9861.50 1487.60
9922.00 1666.12
9982.50 1606.61
10043.00 1309.09
10103.50 1606.61
10164.00 1606.61
10224.50 1487.60
10285.00 1547.11
10345.50 1666.12
10406.00 1606.61
10466.50 1428.10
10527.00 1606.61
10587.50 1368.60
10648.00 1725.62
10708.50 1368.60
10769.00 1844.63
10829.50 1368.60
10890.00 1487.60
10950.50 1666.12
11011.00 1785.12
11071.50 1666.12
11132.00 1547.11
11192.50 1666.12
11253.00 1606.61
11313.50 1785.12
11374.00 1844.63
11434.50 1844.63
11495.00 1904.13
11555.50 1606.61
11616.00 1606.61
11676.50 1487.60
11737.00 1666.12
11797.50 1547.11
11858.00 1249.59
11918.50 1725.62
11979.00 1309.09
12039.50 1487.60
12100.00 1725.62
12160.50 1547.11
12221.00 1785.12
12281.50 1547.11
12342.00 1368.60
12402.50 1785.12
12463.00 1725.62
12523.50 1785.12
12584.00 1844.63
12644.50 1844.63
12705.00 1725.62
12765.50 1963.64
12826.00 1725.62
12886.50 1844.63
12947.00 1904.13
13007.50 1725.62
13068.00 1725.62
13128.50 1606.61
13189.00 1309.09
13249.50 1666.12
13310.00 1487.60
13370.50 1725.62
13431.00 1487.60
13491.50 1487.60
13552.00 1547.11
13612.50 1547.11
13673.00 1606.61
13733.50 1547.11
13794.00 1725.62
13854.50 1428.10
13915.00 1725.62
13975.50 1904.13
14036.00 1785.12
14096.50 2023.14
14157.00 2082.64
14217.50 1785.12
14278.00 1487.60
14338.50 1428.10
14399.00 1547.11
14459.50 1785.12
14520.00 1368.60
14580.50 1725.62
14641.00 1606.61
14701.50 1844.63
14762.00 1606.61
14822.50 1785.12
14883.00 1606.61
14943.50 1785.12
15004.00 1725.62
15064.50 1666.12
15125.00 1844.63
15185.50 1487.60
15246.00 1785.12
15306.50 1725.62
15367.00 1963.64
15427.50 1606.61
15488.00 1904.13
15548.50 1428.10
15609.00 1309.09
15669.50 1666.12
15730.00 1904.13
15790.50 1606.61
15851.00 1666.12
15911.50 1666.12
15972.00 1785.12
16032.50 1606.61
16093.00 1725.62
16153.50 1785.12
16214.00 1904.13
16274.50 1487.60
16335.00 1785.12
16395.50 1904.13
16456.00 1785.12
16516.50 1725.62
16577.00 1963.64
16637.50 1785.12
16698.00 1904.13
16758.50 1844.63
16819.00 1725.62
16879.50 1785.12
16940.00 1844.63
17000.50 1428.10
17061.00 1606.61
17121.50 1666.12
17182.00 1487.60
17242.50 1904.13
17303.00 1725.62
17363.50 1785.12
17424.00 1725.62
17484.50 1368.60
17545.00 1725.62
17605.50 1785.12
17666.00 1666.12
17726.50 1666.12
17787.00 1666.12
17847.50 1606.61
17908.00 1666.12
17968.50 1487.60
18029.00 1725.62
18089.50 1666.12
18150.00 1725.62
18210.50 1368.60
18271.00 1785.12
18331.50 1725.62
18392.00 1725.62
18452.50 1547.11
18513.00 1606.61
18573.50 1666.12
18634.00 1606.61
18694.50 1606.61
18755.00 1606.61
18815.50 1190.08
18876.00 1725.62
18936.50 1725.62
18997.00 1844.63
19057.50 1606.61
19118.00 1904.13
19178.50 1904.13
19239.00 2023.14
19299.50 1785.12
19360.00 1666.12
19420.50 1606.61
19481.00 1487.60
19541.50 1487.60
19602.00 1606.61
19662.50 1666.12
19723.00 1606.61
19783.50 1725.62
19844.00 1606.61
19904.50 1785.12
19965.00 1666.12
20025.50 1725.62
20086.00 1904.13
20146.50 1963.64
20207.00 1487.60
20267.50 1725.62
20328.00 1368.60
20388.50 1785.12
20449.00 1428.10
20509.50 1725.62
20570.00 1547.11
20630.50 1606.61
20691.00 1725.62
20751.50 1666.12
20812.00 1785.12
20872.50 1785.12
20933.00 1428.10
20993.50 1785.12
21054.00 1666.12
21114.50 1725.62
21175.00 2023.14
21235.50 2023.14
21296.00 1844.63
21356.50 1904.13
21417.00 1785.12
21477.50 1963.64
21538.00 1666.12
21598.50 1606.61
