60.50 2.53
121.00 11.41
181.50 8.60
242.00 12.77
302.50 12.99
363.00 13.60
423.50 12.92
484.00 9.97
544.50 12.02
605.00 10.69
665.50 12.85
726.00 10.22
786.50 16.01
847.00 12.63
907.50 17.88
968.00 13.67
1028.50 16.52
1089.00 16.37
1149.50 15.62
1210.00 14.00
1270.50 14.47
1331.00 14.07
1391.50 13.67
1452.00 12.38
1512.50 14.36
1573.00 16.84
1633.50 17.67
1694.00 23.61
1754.50 21.12
1815.00 29.15
1875.50 43.83
1936.00 29.69
1996.50 22.02
2057.00 16.70
2117.50 15.80
2178.00 14.03
2238.50 16.55
2299.00 16.01
2359.50 20.26
2420.00 16.37
2480.50 18.32
2541.00 14.36
2601.50 16.37
2662.00 18.39
2722.50 16.77
2783.00 19.32
2843.50 17.34
2904.00 14.79
2964.50 15.76
3025.00 15.58
3085.50 18.10
3146.00 17.31
3206.50 15.19
3267.00 19.68
3327.50 20.11
3388.00 33.39
3448.50 21.12
3509.00 15.19
3569.50 16.30
3630.00 17.49
3690.50 59.95
3751.00 74.41
3811.50 75.17
3872.00 79.31
3932.50 87.15
3993.00 49.41
4053.50 56.93
4114.00 78.59
4174.50 116.62
4235.00 109.50
4295.50 51.64
4356.00 86.36
4416.50 66.86
4477.00 74.02
4537.50 104.57
4598.00 57.61
4658.50 66.28
4719.00 97.98
4779.50 64.66
4840.00 81.93
4900.50 103.20
4961.00 62.40
5021.50 56.10
5082.00 69.20
5142.50 101.80
5203.00 86.58
5263.50 102.19
5324.00 81.29
5384.50 77.22
5445.00 80.86
5505.50 67.04
5566.00 82.37
5626.50 76.75
5687.00 68.37
5747.50 68.69
5808.00 94.06
5868.50 76.65
5929.00 101.40
5989.50 96.36
6050.00 89.17
6110.50 94.60
6171.00 82.04
6231.50 63.08
6292.00 89.85
6352.50 54.88
6413.00 85.86
6473.50 85.43
6534.00 80.57
6594.50 84.20
6655.00 88.70
6715.50 88.05
6776.00 61.75
6836.50 77.04
6897.00 74.20
6957.50 70.71
7018.00 80.21
7078.50 106.37
7139.00 72.72
7199.50 93.41
7260.00 73.69
7320.50 80.03
7381.00 66.28
7441.50 61.17
7502.00 95.50
7562.50 66.82
7623.00 69.84
7683.50 49.33
7744.00 77.65
7804.50 59.70
7865.00 74.09
7925.50 56.28
7986.00 53.40
8046.50 60.38
8107.00 38.97
8167.50 35.55
8228.00 16.84
8288.50 11.80
8349.00 10.65
8409.50 10.22
8470.00 10.22
8530.50 10.72
8591.00 13.28
8651.50 7.99
8712.00 12.02
8772.50 13.64
8833.00 9.07
8893.50 8.56
8954.00 8.46
9014.50 8.89
9075.00 11.66
9135.50 8.06
9196.00 15.65
9256.50 12.49
9317.00 11.23
9377.50 13.17
9438.00 15.08
9498.50 22.27
9559.00 15.37
9619.50 13.57
9680.00 10.00
9740.50 11.44
9801.00 12.81
9861.50 12.31
9922.00 13.13
9982.50 10.29
10043.00 8.82
10103.50 10.36
10164.00 10.58
10224.50 8.74
10285.00 10.33
10345.50 10.90
10406.00 11.48
10466.50 8.24
10527.00 9.72
10587.50 11.59
10648.00 14.03
10708.50 12.16
10769.00 11.05
10829.50 9.93
10890.00 11.95
10950.50 13.46
11011.00 9.00
11071.50 10.36
11132.00 9.03
11192.50 17.09
11253.00 12.67
11313.50 17.45
11374.00 13.06
11434.50 15.37
11495.00 13.60
11555.50 10.65
11616.00 15.83
11676.50 12.09
11737.00 10.11
11797.50 10.40
11858.00 11.66
11918.50 9.28
11979.00 7.99
12039.50 10.80
12100.00 10.00
12160.50 11.91
12221.00 12.20
12281.50 11.23
12342.00 9.75
12402.50 13.82
12463.00 13.28
12523.50 13.53
12584.00 13.13
12644.50 14.14
12705.00 13.24
12765.50 16.91
12826.00 12.95
12886.50 15.87
12947.00 14.11
13007.50 11.66
13068.00 12.09
13128.50 11.69
13189.00 12.23
13249.50 12.27
13310.00 10.04
13370.50 14.43
13431.00 10.65
13491.50 7.63
13552.00 9.79
13612.50 11.37
13673.00 10.94
13733.50 12.38
13794.00 12.27
13854.50 9.82
13915.00 15.47
13975.50 16.70
14036.00 15.29
14096.50 14.21
14157.00 16.98
14217.50 14.57
14278.00 11.48
14338.50 13.96
14399.00 14.03
14459.50 10.22
14520.00 13.75
14580.50 13.78
14641.00 13.31
14701.50 16.37
14762.00 13.67
14822.50 13.57
14883.00 13.71
14943.50 12.70
15004.00 10.94
15064.50 9.72
15125.00 11.66
15185.50 11.69
15246.00 14.72
15306.50 12.49
15367.00 11.87
15427.50 11.26
15488.00 14.57
15548.50 9.25
15609.00 13.21
15669.50 18.96
15730.00 14.50
15790.50 12.88
15851.00 13.39
15911.50 15.98
15972.00 13.06
16032.50 16.08
16093.00 15.83
16153.50 13.42
16214.00 16.30
16274.50 12.41
16335.00 13.10
16395.50 14.65
16456.00 16.30
16516.50 10.51
16577.00 14.00
16637.50 13.57
16698.00 14.25
16758.50 10.00
16819.00 12.81
16879.50 13.93
16940.00 13.24
17000.50 11.08
17061.00 11.69
17121.50 11.84
17182.00 12.23
17242.50 18.78
17303.00 14.36
17363.50 13.60
17424.00 12.27
17484.50 8.78
17545.00 12.45
17605.50 12.88
17666.00 9.93
17726.50 14.36
17787.00 11.69
17847.50 10.47
17908.00 11.05
17968.50 14.00
18029.00 11.98
18089.50 12.27
18150.00 11.01
18210.50 11.55
18271.00 12.05
18331.50 13.85
18392.00 12.23
18452.50 11.33
18513.00 15.37
18573.50 13.57
18634.00 12.20
18694.50 12.99
18755.00 13.06
18815.50 16.52
18876.00 14.32
18936.50 12.23
18997.00 11.91
19057.50 10.58
19118.00 15.40
19178.50 14.83
19239.00 14.72
19299.50 15.44
19360.00 12.59
19420.50 8.31
19481.00 9.18
19541.50 12.05
19602.00 10.36
19662.50 11.19
19723.00 8.89
19783.50 8.92
19844.00 12.38
19904.50 15.54
19965.00 18.14
20025.50 16.59
20086.00 12.63
20146.50 17.99
20207.00 14.65
20267.50 14.00
20328.00 11.91
20388.50 12.31
20449.00 11.19
20509.50 15.44
20570.00 10.40
20630.50 11.73
20691.00 10.11
20751.50 13.82
20812.00 12.23
20872.50 12.88
20933.00 11.51
20993.50 12.20
21054.00 12.88
21114.50 11.91
21175.00 14.83
21235.50 15.04
21296.00 15.58
21356.50 21.30
21417.00 17.96
21477.50 13.64
21538.00 11.59
21598.50 11.95
