60.50 0.00
121.00 1071.07
181.50 1309.09
242.00 1071.07
302.50 1071.07
363.00 1368.60
423.50 1249.59
484.00 952.07
544.50 1309.09
605.00 1487.60
665.50 1309.09
726.00 1190.08
786.50 1428.10
847.00 1428.10
907.50 1309.09
968.00 1428.10
1028.50 1666.12
1089.00 1487.60
1149.50 1666.12
1210.00 1666.12
1270.50 1249.59
1331.00 1606.61
1391.50 1547.11
1452.00 1606.61
1512.50 1309.09
1573.00 1428.10
1633.50 1904.13
1694.00 1725.62
1754.50 1725.62
1815.00 2082.64
1875.50 1904.13
1936.00 2082.64
1996.50 1487.60
2057.00 1428.10
2117.50 1666.12
2178.00 1785.12
2238.50 1785.12
2299.00 1428.10
2359.50 1666.12
2420.00 1368.60
2480.50 1725.62
2541.00 1666.12
2601.50 1725.62
2662.00 1606.61
2722.50 1547.11
2783.00 1606.61
2843.50 1249.59
2904.00 1666.12
2964.50 1666.12
3025.00 1368.60
3085.50 1904.13
3146.00 1606.61
3206.50 1547.11
3267.00 1606.61
3327.50 1844.63
3388.00 1725.62
3448.50 1725.62
3509.00 1785.12
3569.50 1785.12
3630.00 1606.61
3690.50 1606.61
3751.00 1606.61
3811.50 952.07
3872.00 1428.10
3932.50 1904.13
3993.00 1785.12
4053.50 1844.63
4114.00 1428.10
4174.50 654.55
4235.00 2082.64
4295.50 1487.60
4356.00 1547.11
4416.50 1547.11
4477.00 1190.08
4537.50 1071.07
4598.00 1963.64
4658.50 1666.12
4719.00 2082.64
4779.50 2320.66
4840.00 952.07
4900.50 1606.61
4961.00 1666.12
5021.50 2082.64
5082.00 1130.58
5142.50 1190.08
5203.00 1844.63
5263.50 2261.16
5324.00 714.05
5384.50 1606.61
5445.00 1249.59
5505.50 1725.62
5566.00 1368.60
5626.50 1844.63
5687.00 1606.61
5747.50 1428.10
5808.00 1547.11
5868.50 1309.09
5929.00 1309.09
5989.50 1190.08
6050.00 892.56
6110.50 773.55
6171.00 1666.12
6231.50 1309.09
6292.00 1785.12
6352.50 1963.64
6413.00 1309.09
6473.50 1725.62
6534.00 1368.60
6594.50 1785.12
6655.00 1011.57
6715.50 1666.12
6776.00 2142.15
6836.50 1309.09
6897.00 1606.61
6957.50 1844.63
7018.00 1428.10
7078.50 1309.09
7139.00 2023.14
7199.50 1249.59
7260.00 1487.60
7320.50 1368.60
7381.00 1666.12
7441.50 1011.57
7502.00 952.07
7562.50 1249.59
7623.00 1428.10
7683.50 1606.61
7744.00 1011.57
7804.50 1785.12
7865.00 1309.09
7925.50 2082.64
7986.00 2201.65
8046.50 2142.15
8107.00 2261.16
8167.50 1904.13
8228.00 1487.60
8288.50 1071.07
8349.00 1249.59
8409.50 1190.08
8470.00 535.54
8530.50 892.56
8591.00 1249.59
8651.50 1071.07
8712.00 1249.59
8772.50 1130.58
8833.00 952.07
8893.50 952.07
8954.00 654.55
9014.50 1011.57
9075.00 1011.57
9135.50 1130.58
9196.00 1487.60
9256.50 1190.08
9317.00 1011.57
9377.50 1309.09
9438.00 1190.08
9498.50 1249.59
9559.00 1309.09
9619.50 1547.11
9680.00 1428.10
9740.50 1249.59
9801.00 1428.10
9861.50 1190.08
9922.00 1249.59
9982.50 1309.09
10043.00 833.06
10103.50 1071.07
10164.00 1011.57
10224.50 1487.60
10285.00 1130.58
10345.50 892.56
10406.00 1071.07
10466.50 1071.07
10527.00 1071.07
10587.50 952.07
10648.00 1071.07
10708.50 1249.59
10769.00 1011.57
10829.50 1547.11
10890.00 1190.08
10950.50 1190.08
11011.00 1249.59
11071.50 1487.60
11132.00 833.06
11192.50 1487.60
11253.00 1666.12
11313.50 1844.63
11374.00 1368.60
11434.50 1785.12
11495.00 1368.60
11555.50 1130.58
11616.00 1309.09
11676.50 1071.07
11737.00 1547.11
11797.50 1011.57
11858.00 892.56
11918.50 892.56
11979.00 1011.57
12039.50 952.07
12100.00 1130.58
12160.50 1190.08
12221.00 1309.09
12281.50 1309.09
12342.00 1011.57
12402.50 1666.12
12463.00 1547.11
12523.50 1666.12
12584.00 1428.10
12644.50 1487.60
12705.00 1368.60
12765.50 1487.60
12826.00 1606.61
12886.50 1428.10
12947.00 1428.10
13007.50 1368.60
13068.00 1130.58
13128.50 1368.60
13189.00 1190.08
13249.50 1428.10
13310.00 1011.57
13370.50 1071.07
13431.00 1249.59
13491.50 892.56
13552.00 952.07
13612.50 1309.09
13673.00 1547.11
13733.50 1368.60
13794.00 1487.60
13854.50 1190.08
13915.00 1428.10
13975.50 1606.61
14036.00 1666.12
14096.50 1666.12
14157.00 1606.61
14217.50 1249.59
14278.00 1011.57
14338.50 1071.07
14399.00 1190.08
14459.50 1309.09
14520.00 1190.08
14580.50 1487.60
14641.00 1309.09
14701.50 1368.60
14762.00 1249.59
14822.50 1130.58
14883.00 1190.08
14943.50 1071.07
15004.00 1249.59
15064.50 1130.58
15125.00 1011.57
15185.50 1249.59
15246.00 1190.08
15306.50 1309.09
15367.00 1309.09
15427.50 1368.60
15488.00 1249.59
15548.50 1071.07
15609.00 1547.11
15669.50 1428.10
15730.00 1190.08
15790.50 1368.60
15851.00 1309.09
15911.50 1428.10
15972.00 1666.12
16032.50 1487.60
16093.00 1606.61
16153.50 1309.09
16214.00 1547.11
16274.50 1666.12
16335.00 1725.62
16395.50 1130.58
16456.00 1249.59
16516.50 1666.12
16577.00 1368.60
16637.50 1606.61
16698.00 1428.10
16758.50 1487.60
16819.00 1249.59
16879.50 1368.60
16940.00 1190.08
17000.50 892.56
17061.00 1071.07
17121.50 1309.09
17182.00 1130.58
17242.50 1309.09
17303.00 1249.59
17363.50 1309.09
17424.00 1368.60
17484.50 1249.59
17545.00 1190.08
17605.50 1249.59
17666.00 1130.58
17726.50 1249.59
17787.00 1428.10
17847.50 1309.09
17908.00 1368.60
17968.50 1428.10
18029.00 1249.59
18089.50 1368.60
18150.00 1190.08
18210.50 1071.07
18271.00 1249.59
18331.50 1428.10
18392.00 1428.10
18452.50 1071.07
18513.00 1368.60
18573.50 1249.59
18634.00 1428.10
18694.50 1190.08
18755.00 1190.08
18815.50 1487.60
18876.00 1547.11
18936.50 1309.09
18997.00 1249.59
19057.50 1487.60
19118.00 1547.11
19178.50 1309.09
19239.00 1309.09
19299.50 1190.08
19360.00 1487.60
19420.50 1190.08
19481.00 1249.59
19541.50 1011.57
19602.00 1071.07
19662.50 1249.59
19723.00 952.07
19783.50 1368.60
19844.00 1130.58
19904.50 1368.60
19965.00 1428.10
20025.50 1487.60
20086.00 1785.12
20146.50 1487.60
20207.00 1190.08
20267.50 1130.58
20328.00 1309.09
20388.50 1249.59
20449.00 1249.59
20509.50 1309.09
20570.00 1368.60
20630.50 1249.59
20691.00 1130.58
20751.50 1487.60
20812.00 1368.60
20872.50 1071.07
20933.00 1368.60
20993.50 1130.58
21054.00 1368.60
21114.50 1428.10
21175.00 1547.11
21235.50 1249.59
21296.00 1487.60
21356.50 1368.60
21417.00 1368.60
21477.50 1368.60
21538.00 1309.09
21598.50 1249.59
