60.50 0.00
121.00 12.00
181.50 13.74
242.00 10.58
302.50 13.20
363.00 12.76
423.50 14.84
484.00 9.96
544.50 15.27
605.00 15.64
665.50 13.78
726.00 13.60
786.50 16.11
847.00 15.05
907.50 16.22
968.00 17.24
1028.50 17.09
1089.00 14.98
1149.50 18.62
1210.00 18.83
1270.50 15.49
1331.00 18.36
1391.50 15.56
1452.00 18.11
1512.50 14.69
1573.00 17.42
1633.50 20.29
1694.00 21.20
1754.50 20.76
1815.00 24.62
1875.50 20.54
1936.00 22.25
1996.50 16.33
2057.00 14.58
2117.50 19.20
2178.00 18.58
2238.50 18.22
2299.00 15.16
2359.50 18.29
2420.00 15.49
2480.50 18.80
2541.00 18.65
2601.50 19.60
2662.00 16.11
2722.50 17.93
2783.00 15.42
2843.50 16.07
2904.00 20.11
2964.50 19.53
3025.00 16.07
3085.50 21.89
3146.00 16.58
3206.50 16.07
3267.00 17.16
3327.50 23.89
3388.00 19.74
3448.50 19.02
3509.00 17.34
3569.50 18.91
3630.00 23.78
3690.50 33.89
3751.00 46.80
3811.50 70.14
3872.00 82.76
3932.50 64.21
3993.00 40.36
4053.50 52.72
4114.00 66.65
4174.50 110.21
4235.00 61.23
4295.50 43.49
4356.00 79.30
4416.50 64.40
4477.00 68.39
4537.50 91.19
4598.00 50.21
4658.50 66.50
4719.00 61.05
4779.50 43.89
4840.00 74.47
4900.50 86.94
4961.00 55.34
5021.50 40.83
5082.00 65.34
5142.50 85.45
5203.00 62.03
5263.50 41.31
5324.00 81.67
5384.50 72.72
5445.00 59.78
5505.50 66.18
5566.00 69.05
5626.50 58.69
5687.00 59.16
5747.50 71.99
5808.00 75.16
5868.50 63.12
5929.00 81.96
5989.50 87.81
6050.00 93.77
6110.50 71.89
6171.00 65.67
6231.50 60.80
6292.00 68.36
6352.50 59.85
6413.00 76.47
6473.50 72.76
6534.00 67.96
6594.50 73.63
6655.00 83.99
6715.50 70.29
6776.00 48.43
6836.50 77.49
6897.00 65.30
6957.50 66.00
7018.00 68.98
7078.50 93.08
7139.00 61.78
7199.50 61.38
7260.00 59.34
7320.50 76.29
7381.00 66.36
7441.50 63.96
7502.00 92.90
7562.50 93.70
7623.00 74.83
7683.50 52.43
7744.00 79.30
7804.50 63.45
7865.00 75.81
7925.50 52.61
7986.00 45.52
8046.50 40.62
8107.00 38.91
8167.50 29.56
8228.00 11.31
8288.50 10.80
8349.00 11.85
8409.50 11.34
8470.00 6.04
8530.50 9.67
8591.00 12.07
8651.50 11.93
8712.00 12.14
8772.50 11.93
8833.00 9.49
8893.50 8.65
8954.00 7.74
9014.50 10.47
9075.00 10.84
9135.50 12.04
9196.00 14.44
9256.50 13.02
9317.00 12.04
9377.50 15.16
9438.00 12.22
9498.50 13.42
9559.00 13.78
9619.50 15.31
9680.00 13.71
9740.50 14.54
9801.00 14.94
9861.50 12.07
9922.00 13.02
9982.50 15.45
10043.00 8.73
10103.50 11.53
10164.00 10.51
10224.50 13.56
10285.00 12.47
10345.50 9.60
10406.00 11.64
10466.50 10.11
10527.00 10.58
10587.50 10.00
10648.00 12.87
10708.50 13.38
10769.00 10.65
10829.50 16.62
10890.00 12.14
10950.50 15.13
11011.00 12.94
11071.50 14.54
11132.00 9.20
11192.50 17.16
11253.00 18.33
11313.50 19.09
11374.00 17.96
11434.50 18.65
11495.00 15.53
11555.50 11.31
11616.00 14.65
11676.50 11.89
11737.00 16.51
11797.50 10.91
11858.00 8.36
11918.50 9.85
11979.00 10.84
12039.50 8.98
12100.00 12.04
12160.50 11.71
12221.00 12.98
12281.50 12.65
12342.00 11.09
12402.50 18.98
12463.00 18.04
12523.50 18.18
12584.00 13.82
12644.50 15.74
12705.00 16.51
12765.50 16.29
12826.00 18.65
12886.50 15.05
12947.00 17.24
13007.50 14.22
13068.00 13.09
13128.50 13.96
13189.00 13.82
13249.50 13.38
13310.00 8.84
13370.50 11.05
13431.00 12.22
13491.50 9.09
13552.00 10.29
13612.50 13.82
13673.00 16.07
13733.50 14.00
13794.00 14.51
13854.50 13.05
13915.00 16.47
13975.50 17.02
14036.00 16.58
14096.50 18.87
14157.00 18.94
14217.50 12.98
14278.00 11.09
14338.50 14.04
14399.00 12.29
14459.50 14.65
14520.00 14.07
14580.50 14.76
14641.00 14.73
14701.50 14.44
14762.00 11.34
14822.50 12.65
14883.00 14.14
14943.50 10.44
15004.00 14.54
15064.50 11.64
15125.00 12.14
15185.50 12.87
15246.00 13.02
15306.50 14.36
15367.00 14.00
15427.50 13.31
15488.00 11.71
15548.50 11.09
15609.00 16.14
15669.50 15.20
15730.00 13.93
15790.50 14.73
15851.00 14.14
15911.50 16.40
15972.00 18.14
16032.50 14.84
16093.00 17.38
16153.50 14.54
16214.00 15.74
16274.50 17.64
16335.00 18.29
16395.50 12.51
16456.00 13.71
16516.50 16.87
16577.00 17.24
16637.50 17.16
16698.00 15.96
16758.50 14.91
16819.00 14.98
16879.50 15.85
16940.00 12.51
17000.50 11.60
17061.00 11.93
17121.50 12.51
17182.00 13.56
17242.50 12.07
17303.00 14.04
17363.50 13.27
17424.00 15.49
17484.50 12.11
17545.00 13.13
17605.50 12.80
17666.00 12.14
17726.50 12.04
17787.00 13.96
17847.50 13.82
17908.00 13.53
17968.50 15.24
18029.00 14.11
18089.50 14.18
18150.00 12.00
18210.50 10.91
18271.00 13.71
18331.50 14.87
18392.00 15.42
18452.50 12.00
18513.00 14.18
18573.50 13.89
18634.00 14.51
18694.50 12.00
18755.00 14.51
18815.50 15.09
18876.00 15.05
18936.50 14.65
18997.00 13.89
19057.50 15.27
19118.00 17.24
19178.50 14.14
19239.00 15.71
19299.50 12.36
19360.00 15.05
19420.50 12.33
19481.00 14.04
19541.50 10.54
19602.00 11.67
19662.50 13.27
19723.00 10.76
19783.50 13.85
19844.00 11.05
19904.50 15.56
19965.00 16.29
20025.50 16.25
20086.00 20.11
20146.50 16.58
20207.00 12.47
20267.50 11.67
20328.00 14.58
20388.50 12.14
20449.00 12.54
20509.50 14.62
20570.00 14.18
20630.50 12.29
20691.00 13.42
20751.50 14.04
20812.00 13.93
20872.50 12.14
20933.00 13.38
20993.50 13.13
21054.00 13.49
21114.50 15.64
21175.00 16.00
21235.50 14.62
21296.00 17.60
21356.50 16.98
21417.00 13.82
21477.50 13.67
21538.00 13.20
21598.50 12.25
