60.50 0.54
121.00 13.59
181.50 16.41
242.00 14.20
302.50 13.33
363.00 15.73
423.50 15.94
484.00 13.84
544.50 16.63
605.00 17.50
665.50 16.49
726.00 15.25
786.50 18.88
847.00 15.65
907.50 20.07
968.00 18.99
1028.50 18.70
1089.00 17.32
1149.50 18.01
1210.00 18.15
1270.50 19.93
1331.00 18.59
1391.50 19.24
1452.00 21.20
1512.50 19.13
1573.00 19.24
1633.50 20.80
1694.00 23.19
1754.50 20.80
1815.00 25.29
1875.50 22.54
1936.00 27.76
1996.50 19.10
2057.00 20.00
2117.50 17.18
2178.00 18.15
2238.50 19.39
2299.00 21.52
2359.50 19.35
2420.00 16.67
2480.50 17.97
2541.00 17.14
2601.50 20.54
2662.00 17.18
2722.50 21.12
2783.00 16.38
2843.50 17.36
2904.00 21.34
2964.50 21.56
3025.00 20.18
3085.50 20.94
3146.00 20.87
3206.50 22.10
3267.00 19.28
3327.50 20.69
3388.00 18.70
3448.50 21.31
3509.00 21.49
3569.50 18.84
3630.00 21.49
3690.50 34.60
3751.00 44.24
3811.50 78.08
3872.00 74.82
3932.50 77.40
3993.00 48.70
4053.50 53.01
4114.00 62.79
4174.50 93.09
4235.00 63.41
4295.50 49.10
4356.00 80.80
4416.50 75.40
4477.00 69.10
4537.50 78.45
4598.00 63.59
4658.50 83.45
4719.00 74.46
4779.50 70.66
4840.00 75.77
4900.50 88.88
4961.00 68.99
5021.50 51.82
5082.00 73.88
5142.50 75.37
5203.00 66.20
5263.50 47.18
5324.00 81.24
5384.50 70.87
5445.00 69.06
5505.50 62.83
5566.00 77.58
5626.50 67.40
5687.00 64.17
5747.50 74.68
5808.00 68.16
5868.50 58.01
5929.00 82.94
5989.50 81.78
6050.00 85.88
6110.50 73.70
6171.00 71.49
6231.50 62.32
6292.00 78.16
6352.50 63.84
6413.00 66.16
6473.50 76.78
6534.00 73.05
6594.50 82.98
6655.00 91.13
6715.50 78.05
6776.00 62.18
6836.50 68.95
6897.00 77.40
6957.50 66.13
7018.00 74.46
7078.50 91.13
7139.00 61.34
7199.50 79.50
7260.00 67.87
7320.50 83.27
7381.00 63.37
7441.50 65.91
7502.00 92.43
7562.50 74.75
7623.00 73.27
7683.50 55.08
7744.00 68.92
7804.50 62.36
7865.00 90.11
7925.50 69.53
7986.00 64.50
8046.50 55.69
8107.00 41.49
8167.50 30.65
8228.00 14.67
8288.50 12.72
8349.00 11.59
8409.50 11.31
8470.00 14.71
8530.50 13.26
8591.00 13.55
8651.50 11.34
8712.00 12.94
8772.50 10.33
8833.00 13.59
8893.50 7.65
8954.00 13.37
9014.50 11.38
9075.00 13.33
9135.50 15.29
9196.00 14.24
9256.50 15.62
9317.00 18.81
9377.50 14.71
9438.00 16.52
9498.50 17.68
9559.00 18.37
9619.50 11.74
9680.00 16.16
9740.50 14.53
9801.00 13.48
9861.50 16.52
9922.00 16.23
9982.50 17.10
10043.00 12.61
10103.50 15.33
10164.00 11.12
10224.50 11.59
10285.00 11.41
10345.50 15.04
10406.00 12.65
10466.50 12.25
10527.00 14.28
10587.50 15.18
10648.00 15.58
10708.50 16.45
10769.00 14.39
10829.50 15.80
10890.00 13.99
10950.50 14.89
11011.00 15.65
11071.50 14.06
11132.00 14.39
11192.50 16.49
11253.00 16.27
11313.50 20.69
11374.00 14.49
11434.50 20.04
11495.00 20.58
11555.50 14.64
11616.00 15.91
11676.50 15.91
11737.00 13.88
11797.50 13.59
11858.00 12.75
11918.50 10.69
11979.00 14.93
12039.50 13.30
12100.00 11.92
12160.50 11.41
12221.00 15.00
12281.50 17.07
12342.00 14.71
12402.50 17.03
12463.00 17.54
12523.50 18.99
12584.00 17.28
12644.50 19.06
12705.00 18.44
12765.50 18.04
12826.00 19.82
12886.50 18.30
12947.00 17.39
13007.50 15.73
13068.00 16.41
13128.50 15.22
13189.00 17.68
13249.50 12.86
13310.00 14.49
13370.50 10.83
13431.00 10.07
13491.50 12.75
13552.00 13.59
13612.50 16.41
13673.00 14.96
13733.50 15.87
13794.00 18.91
13854.50 16.12
13915.00 18.95
13975.50 16.96
14036.00 18.04
14096.50 18.70
14157.00 18.48
14217.50 15.94
14278.00 14.20
14338.50 13.59
14399.00 13.99
14459.50 13.88
14520.00 16.56
14580.50 17.10
14641.00 13.81
14701.50 16.31
14762.00 15.47
14822.50 14.53
14883.00 14.42
14943.50 16.05
15004.00 14.35
15064.50 14.60
15125.00 15.54
15185.50 14.71
15246.00 13.37
15306.50 15.83
15367.00 17.18
15427.50 14.64
15488.00 16.41
15548.50 13.95
15609.00 16.45
15669.50 15.98
15730.00 18.88
15790.50 17.46
15851.00 17.28
15911.50 16.92
15972.00 16.67
16032.50 17.03
16093.00 16.31
16153.50 17.43
16214.00 16.27
16274.50 14.89
16335.00 17.36
16395.50 20.73
16456.00 17.32
16516.50 17.32
16577.00 16.41
16637.50 17.61
16698.00 17.75
16758.50 16.05
16819.00 14.89
16879.50 19.57
16940.00 18.30
17000.50 16.52
17061.00 14.82
17121.50 13.88
17182.00 12.57
17242.50 15.33
17303.00 16.20
17363.50 17.90
17424.00 14.35
17484.50 14.75
17545.00 18.26
17605.50 13.01
17666.00 13.70
17726.50 15.94
17787.00 17.25
17847.50 13.81
17908.00 14.46
17968.50 15.40
18029.00 14.39
18089.50 14.78
18150.00 12.07
18210.50 14.02
18271.00 15.18
18331.50 16.63
18392.00 16.27
18452.50 15.15
18513.00 11.92
18573.50 15.91
18634.00 14.89
18694.50 15.98
18755.00 17.68
18815.50 15.15
18876.00 15.25
18936.50 17.14
18997.00 13.91
19057.50 16.56
19118.00 18.19
19178.50 19.82
19239.00 16.56
19299.50 17.50
19360.00 15.47
19420.50 13.19
19481.00 16.56
19541.50 14.96
19602.00 14.28
19662.50 11.99
19723.00 15.65
19783.50 12.14
19844.00 13.12
19904.50 18.01
19965.00 16.81
20025.50 15.91
20086.00 18.84
20146.50 19.17
20207.00 16.27
20267.50 18.23
20328.00 17.10
20388.50 13.95
20449.00 14.42
20509.50 15.29
20570.00 15.83
20630.50 15.58
20691.00 16.52
20751.50 16.23
20812.00 15.36
20872.50 16.20
20933.00 13.44
20993.50 16.45
21054.00 19.13
21114.50 14.53
21175.00 19.28
21235.50 16.78
21296.00 16.85
21356.50 18.70
21417.00 16.96
21477.50 15.65
21538.00 16.02
21598.50 17.07
