60.50 6.00 5
121.00 6.00 6
181.50 6.00 6
242.00 6.50 6
302.50 7.75 6
363.00 8.10 5
423.50 6.20 5
484.00 9.00 5
544.50 11.50 5
605.00 7.70 5
665.50 8.08 6
726.00 7.80 5
786.50 9.17 6
847.00 8.10 5
907.50 7.33 6
968.00 7.44 8
1028.50 7.88 8
1089.00 10.19 8
1149.50 7.81 8
1210.00 7.69 8
1270.50 8.00 6
1331.00 9.67 6
1391.50 10.00 6
1452.00 10.42 6
1512.50 8.17 6
1573.00 8.43 7
1633.50 8.64 7
1694.00 7.71 7
1754.50 7.92 6
1815.00 9.50 7
1875.50 11.50 1
1936.00 108.50 2
1996.50 64.92 19
2057.00 17.80 10
2117.50 7.81 8
2178.00 7.75 8
2238.50 7.50 8
2299.00 7.64 7
2359.50 7.81 8
2420.00 8.31 8
2480.50 7.44 8
2541.00 7.72 9
2601.50 7.38 8
2662.00 7.33 9
2722.50 7.44 9
2783.00 7.50 9
2843.50 8.50 9
2904.00 7.25 10
2964.50 7.50 9
3025.00 7.95 10
3085.50 7.00 9
3146.00 7.39 9
3206.50 7.39 9
3267.00 7.40 10
3327.50 7.56 8
3388.00 7.50 8
3448.50 7.50 7
3509.00 7.75 8
3569.50 7.56 8
3630.00 7.50 7
3690.50 7.50 8
3751.00 7.50 9
3811.50 7.50 8
3872.00 7.62 8
3932.50 7.75 8
3993.00 8.25 10
4053.50 7.55 11
4114.00 7.30 10
4174.50 9.58 6
4235.00 22.54 14
4295.50 7.17 9
4356.00 7.22 9
4416.50 7.00 10
4477.00 7.22 9
4537.50 7.28 9
4598.00 7.70 10
4658.50 7.44 9
4719.00 7.78 9
4779.50 8.56 9
4840.00 7.65 10
4900.50 7.28 9
4961.00 7.22 9
5021.50 7.10 10
5082.00 7.11 9
5142.50 7.00 10
5203.00 7.00 10
5263.50 7.20 10
5324.00 7.55 10
5384.50 7.75 10
5445.00 7.80 10
5505.50 7.50 9
5566.00 7.17 9
5626.50 7.10 10
5687.00 7.17 9
5747.50 7.28 9
5808.00 7.25 10
5868.50 7.61 9
5929.00 9.75 8
5989.50 8.85 10
6050.00 7.05 10
6110.50 7.17 9
6171.00 7.56 9
6231.50 7.50 10
6292.00 7.72 9
6352.50 7.17 9
6413.00 7.30 10
6473.50 7.33 9
6534.00 7.50 9
6594.50 7.65 10
6655.00 7.17 9
6715.50 7.00 9
6776.00 7.20 10
6836.50 7.17 9
6897.00 7.00 9
6957.50 7.10 10
7018.00 7.30 10
7078.50 7.35 10
7139.00 7.15 10
7199.50 7.50 10
7260.00 7.86 7
7320.50 9.25 6
7381.00 9.36 7
7441.50 8.00 6
7502.00 8.14 7
7562.50 10.17 3
7623.00 11.62 4
7683.50 12.38 4
7744.00 14.25 2
7804.50 13.88 4
7865.00 8.93 7
7925.50 8.08 6
7986.00 8.25 6
8046.50 8.58 6
8107.00 9.33 6
8167.50 11.29 7
8228.00 7.69 8
8288.50 8.43 7
8349.00 8.00 8
8409.50 7.69 8
8470.00 7.38 8
8530.50 7.28 9
8591.00 7.67 9
8651.50 7.88 8
8712.00 7.50 9
8772.50 7.61 9
8833.00 7.31 8
8893.50 7.39 9
8954.00 7.50 8
9014.50 7.50 9
9075.00 7.39 9
9135.50 7.62 8
9196.00 7.50 9
9256.50 7.67 9
9317.00 7.38 8
9377.50 7.36 11
9438.00 7.15 10
9498.50 7.15 10
9559.00 7.15 10
9619.50 7.22 9
9680.00 7.72 9
9740.50 8.12 8
9801.00 7.75 8
9861.50 7.69 8
9922.00 7.81 8
9982.50 7.71 7
10043.00 7.81 8
10103.50 7.71 7
10164.00 7.81 8
10224.50 7.69 8
10285.00 7.38 8
10345.50 7.33 9
10406.00 7.28 9
10466.50 7.75 8
10527.00 7.50 9
10587.50 7.50 7
10648.00 7.88 8
10708.50 12.33 6
10769.00 10.61 9
10829.50 7.07 7
10890.00 9.12 4
10950.50 8.60 5
11011.00 8.80 5
11071.50 9.83 6
11132.00 8.25 6
11192.50 7.71 7
11253.00 8.12 8
11313.50 7.71 7
11374.00 7.69 8
11434.50 8.50 7
11495.00 8.50 6
11555.50 8.86 7
11616.00 8.50 6
11676.50 9.25 6
11737.00 8.75 6
11797.50 9.20 5
11858.00 9.30 5
11918.50 9.50 5
11979.00 7.08 6
12039.50 7.67 6
12100.00 7.50 8
12160.50 7.94 8
12221.00 7.94 8
12281.50 7.81 8
12342.00 7.50 7
12402.50 9.14 7
12463.00 9.08 6
12523.50 6.36 7
12584.00 8.50 6
12644.50 10.25 6
12705.00 9.67 6
12765.50 10.17 6
12826.00 10.42 6
12886.50 8.50 6
12947.00 10.64 7
13007.50 8.29 7
13068.00 8.36 7
13128.50 9.29 7
13189.00 9.79 7
13249.50 8.00 8
13310.00 8.57 7
13370.50 7.75 8
13431.00 8.06 8
13491.50 8.00 7
13552.00 8.71 7
13612.50 7.08 6
13673.00 8.79 7
13733.50 7.75 6
13794.00 8.42 6
13854.50 7.56 8
13915.00 7.61 9
13975.50 7.78 9
14036.00 7.25 8
14096.50 7.50 9
14157.00 8.50 8
14217.50 8.50 7
14278.00 7.75 8
14338.50 8.14 7
14399.00 7.69 8
14459.50 8.88 8
14520.00 8.50 9
14580.50 7.39 9
14641.00 7.50 8
14701.50 7.28 9
14762.00 7.93 7
14822.50 9.92 6
14883.00 9.14 7
14943.50 7.86 7
15004.00 7.86 7
15064.50 8.10 5
15125.00 8.50 5
15185.50 8.10 5
15246.00 6.90 5
15306.50 6.00 5
15367.00 7.62 8
15427.50 8.50 7
15488.00 8.62 8
15548.50 7.50 7
15609.00 7.00 8
15669.50 8.19 8
15730.00 7.89 9
15790.50 7.61 9
15851.00 7.61 9
15911.50 7.25 8
15972.00 9.30 5
16032.50 8.40 5
16093.00 8.30 5
16153.50 11.20 5
16214.00 9.40 5
16274.50 8.00 7
16335.00 8.00 7
16395.50 8.33 6
16456.00 7.93 7
16516.50 7.75 6
16577.00 10.38 4
16637.50 10.12 4
16698.00 10.38 4
16758.50 10.25 4
16819.00 10.25 4
16879.50 8.50 4
16940.00 7.62 4
17000.50 6.17 3
17061.00 10.00 4
17121.50 6.10 5
17182.00 7.19 8
17242.50 8.36 7
17303.00 6.75 8
17363.50 9.50 7
17424.00 8.57 7
17484.50 10.29 7
17545.00 8.36 7
17605.50 9.42 6
17666.00 10.21 7
17726.50 7.71 7
17787.00 8.70 5
17847.50 9.75 6
17908.00 9.50 5
17968.50 8.75 6
18029.00 9.60 5
18089.50 8.00 5
18150.00 11.20 5
18210.50 9.30 5
18271.00 8.80 5
18331.50 7.36 7
18392.00 7.39 9
18452.50 7.30 10
18513.00 7.50 9
18573.50 7.06 9
18634.00 7.39 9
18694.50 8.11 9
18755.00 7.33 9
18815.50 7.31 8
18876.00 7.39 9
18936.50 8.75 8
18997.00 7.50 6
19057.50 7.79 7
19118.00 8.36 7
19178.50 8.00 6
19239.00 8.58 6
19299.50 9.33 3
19360.00 11.62 4
19420.50 11.50 4
19481.00 12.88 4
19541.50 10.12 4
19602.00 12.10 5
19662.50 11.00 5
19723.00 8.80 5
19783.50 9.10 5
19844.00 6.64 7
19904.50 7.58 6
19965.00 7.56 8
20025.50 8.93 7
20086.00 8.64 7
20146.50 8.50 7
20207.00 8.58 6
20267.50 7.86 7
20328.00 8.00 7
20388.50 7.86 7
20449.00 7.79 7
20509.50 7.71 7
20570.00 8.56 8
20630.50 8.62 8
20691.00 7.86 7
20751.50 8.56 9
20812.00 7.75 8
20872.50 7.67 9
20933.00 7.44 8
20993.50 8.17 9
21054.00 8.17 9
21114.50 8.10 10
21175.00 7.50 9
21235.50 9.30 5
21296.00 23.15 13
21356.50 8.44 8
21417.00 7.83 6
21477.50 7.07 7
21538.00 7.86 7
21598.50 7.86 7
