60.50 8.75 6
121.00 7.14 7
181.50 8.64 7
242.00 7.86 7
302.50 8.43 7
363.00 7.75 6
423.50 8.50 6
484.00 8.36 7
544.50 11.50 5
605.00 9.00 7
665.50 7.38 8
726.00 8.25 8
786.50 8.56 9
847.00 7.78 9
907.50 7.39 9
968.00 8.43 7
1028.50 7.81 8
1089.00 7.93 7
1149.50 7.00 8
1210.00 7.69 8
1270.50 7.36 7
1331.00 7.88 8
1391.50 8.64 7
1452.00 8.38 8
1512.50 8.71 7
1573.00 8.07 7
1633.50 8.17 6
1694.00 8.50 6
1754.50 8.83 6
1815.00 9.21 7
1875.50 7.60 10
1936.00 7.39 9
1996.50 7.28 9
2057.00 7.55 10
2117.50 7.50 9
2178.00 7.00 10
2238.50 7.15 10
2299.00 7.00 11
2359.50 7.50 10
2420.00 7.50 10
2480.50 7.45 10
2541.00 7.30 10
2601.50 7.15 10
2662.00 7.25 10
2722.50 7.36 11
2783.00 7.29 12
2843.50 7.12 12
2904.00 7.04 12
2964.50 6.92 12
3025.00 7.12 12
3085.50 7.33 9
3146.00 7.82 11
3206.50 7.30 10
3267.00 7.00 10
3327.50 8.00 9
3388.00 7.67 9
3448.50 7.61 9
3509.00 7.50 8
3569.50 7.67 9
3630.00 7.56 8
3690.50 7.44 8
3751.00 6.44 8
3811.50 8.57 7
3872.00 7.79 7
3932.50 8.10 10
3993.00 7.00 11
4053.50 7.23 11
4114.00 7.09 11
4174.50 7.41 11
4235.00 7.14 11
4295.50 7.09 11
4356.00 7.18 11
4416.50 7.27 11
4477.00 7.00 10
4537.50 7.23 11
4598.00 7.00 10
4658.50 7.55 10
4719.00 7.60 10
4779.50 7.90 10
4840.00 7.50 10
4900.50 8.83 9
4961.00 12.50 9
5021.50 7.75 10
5082.00 7.61 9
5142.50 7.35 10
5203.00 7.00 10
5263.50 7.00 10
5324.00 7.00 10
5384.50 7.40 10
5445.00 7.50 10
5505.50 7.33 9
5566.00 8.50 9
5626.50 7.15 10
5687.00 8.17 9
5747.50 8.00 10
5808.00 7.75 10
5868.50 7.20 10
5929.00 7.25 10
5989.50 7.10 10
6050.00 7.65 10
6110.50 7.28 9
6171.00 7.28 9
6231.50 7.35 10
6292.00 7.72 9
6352.50 7.50 10
6413.00 7.30 10
6473.50 8.60 10
6534.00 7.45 10
6594.50 7.90 10
6655.00 7.20 10
6715.50 7.17 9
6776.00 7.89 9
6836.50 7.85 10
6897.00 7.56 9
6957.50 7.56 9
7018.00 7.81 8
7078.50 8.33 9
7139.00 9.44 9
7199.50 7.44 8
7260.00 9.00 8
7320.50 9.33 9
7381.00 7.50 8
7441.50 7.81 8
7502.00 7.88 8
7562.50 7.56 9
7623.00 7.17 9
7683.50 7.22 9
7744.00 8.00 10
7804.50 7.22 9
7865.00 8.00 7
7925.50 7.29 7
7986.00 6.75 6
8046.50 6.93 7
8107.00 7.57 7
8167.50 7.56 8
8228.00 7.67 9
8288.50 7.50 9
8349.00 7.81 8
8409.50 7.67 9
8470.00 7.61 9
8530.50 7.50 10
8591.00 7.39 9
8651.50 7.50 9
8712.00 7.40 10
8772.50 7.56 9
8833.00 7.44 9
8893.50 7.55 10
8954.00 7.50 9
9014.50 7.56 9
9075.00 7.44 9
9135.50 7.25 10
9196.00 7.39 9
9256.50 7.35 10
9317.00 7.11 9
9377.50 7.33 9
9438.00 7.39 9
9498.50 7.30 10
9559.00 7.17 9
9619.50 7.39 9
9680.00 7.39 9
9740.50 7.50 8
9801.00 7.56 9
9861.50 7.56 9
9922.00 7.56 8
9982.50 6.75 6
10043.00 8.00 7
10103.50 6.67 6
10164.00 6.00 6
10224.50 6.86 7
10285.00 7.69 8
10345.50 7.56 8
10406.00 7.50 8
10466.50 7.50 8
10527.00 7.75 8
10587.50 7.08 6
10648.00 8.71 7
10708.50 12.42 6
10769.00 8.86 7
10829.50 8.50 6
10890.00 6.00 7
10950.50 6.43 7
11011.00 8.25 6
11071.50 6.50 6
11132.00 8.21 7
11192.50 7.79 7
11253.00 7.36 7
11313.50 9.71 7
11374.00 10.08 6
11434.50 7.43 7
11495.00 9.40 5
11555.50 7.60 5
11616.00 10.08 6
11676.50 7.70 5
11737.00 7.50 6
11797.50 6.17 6
11858.00 6.00 6
11918.50 6.00 6
11979.00 6.00 5
12039.50 6.00 5
12100.00 7.70 5
12160.50 13.50 4
12221.00 6.40 5
12281.50 9.00 4
12342.00 8.70 5
12402.50 8.60 5
12463.00 7.92 6
12523.50 8.88 4
12584.00 9.67 6
12644.50 8.60 5
12705.00 9.75 6
12765.50 10.79 7
12826.00 9.20 5
12886.50 7.75 6
12947.00 10.67 6
13007.50 8.71 7
13068.00 7.36 7
13128.50 7.57 7
13189.00 7.92 6
13249.50 9.88 8
13310.00 7.00 7
13370.50 7.00 8
13431.00 6.57 7
13491.50 6.81 8
13552.00 6.95 10
13612.50 7.18 11
13673.00 7.14 11
13733.50 7.18 11
13794.00 7.14 11
13854.50 8.00 7
13915.00 7.64 7
13975.50 7.75 6
14036.00 8.17 6
14096.50 7.43 7
14157.00 10.00 5
14217.50 7.00 5
14278.00 8.30 5
14338.50 6.10 5
14399.00 9.38 4
14459.50 8.11 9
14520.00 7.17 9
14580.50 7.30 10
14641.00 7.33 9
14701.50 7.44 9
14762.00 7.57 7
14822.50 7.67 6
14883.00 7.43 7
14943.50 8.17 6
15004.00 9.50 6
15064.50 7.14 11
15125.00 7.30 10
15185.50 7.33 9
15246.00 7.50 11
15306.50 7.15 10
15367.00 7.69 8
15427.50 7.83 9
15488.00 7.89 9
15548.50 7.69 8
15609.00 7.50 9
15669.50 10.50 6
15730.00 9.33 6
15790.50 11.33 6
15851.00 11.17 6
15911.50 8.33 6
15972.00 8.00 5
16032.50 9.10 5
16093.00 8.60 5
16153.50 7.50 5
16214.00 9.67 6
16274.50 8.06 8
16335.00 7.94 8
16395.50 7.56 8
16456.00 7.69 8
16516.50 7.75 8
16577.00 7.50 9
16637.50 7.38 8
16698.00 7.50 9
16758.50 7.50 9
16819.00 7.69 8
16879.50 7.50 9
16940.00 7.33 9
17000.50 7.56 8
17061.00 7.39 9
17121.50 7.67 9
17182.00 7.60 10
17242.50 7.30 10
17303.00 7.15 10
17363.50 7.00 10
17424.00 7.55 10
17484.50 6.93 7
17545.00 7.56 8
17605.50 8.83 6
17666.00 8.78 9
17726.50 7.50 8
17787.00 7.50 8
17847.50 7.56 9
17908.00 7.39 9
17968.50 7.56 8
18029.00 7.39 9
18089.50 7.69 8
18150.00 8.06 8
18210.50 7.62 8
18271.00 7.62 8
18331.50 7.57 7
18392.00 8.17 6
18452.50 7.42 6
18513.00 9.42 6
18573.50 7.83 6
18634.00 7.06 8
18694.50 7.28 9
18755.00 7.35 10
18815.50 7.50 9
18876.00 7.28 9
18936.50 8.22 9
18997.00 7.61 9
19057.50 7.56 9
19118.00 7.94 8
19178.50 7.56 9
19239.00 8.58 6
19299.50 8.38 4
19360.00 9.88 4
19420.50 10.25 4
19481.00 7.67 3
19541.50 8.90 5
19602.00 7.80 5
19662.50 8.75 4
19723.00 10.42 6
19783.50 7.00 5
19844.00 7.00 5
19904.50 8.25 6
19965.00 9.00 6
20025.50 8.67 6
20086.00 7.33 6
20146.50 8.21 7
20207.00 7.50 6
20267.50 7.64 7
20328.00 9.08 6
20388.50 8.81 8
20449.00 7.57 7
20509.50 9.12 8
20570.00 8.42 6
20630.50 10.06 9
20691.00 8.00 6
20751.50 8.30 10
20812.00 7.38 8
20872.50 7.67 9
20933.00 7.44 8
20993.50 7.67 9
21054.00 7.50 9
21114.50 7.35 10
21175.00 7.44 9
21235.50 7.44 9
21296.00 7.65 10
21356.50 7.30 10
21417.00 7.05 11
21477.50 7.23 11
21538.00 7.23 11
21598.50 7.00 11
