60.50 6.00 5
121.00 6.42 6
181.50 7.33 6
242.00 6.42 6
302.50 8.58 6
363.00 6.40 5
423.50 6.00 5
484.00 7.50 5
544.50 6.70 5
605.00 6.00 5
665.50 8.50 6
726.00 7.10 5
786.50 7.50 6
847.00 6.90 5
907.50 7.42 6
968.00 8.12 8
1028.50 6.69 8
1089.00 7.62 8
1149.50 6.58 6
1210.00 10.45 10
1270.50 6.00 6
1331.00 8.67 6
1391.50 6.75 6
1452.00 7.42 6
1512.50 10.25 6
1573.00 8.57 7
1633.50 8.50 7
1694.00 8.07 7
1754.50 9.33 6
1815.00 8.57 7
1875.50 7.19 8
1936.00 7.00 8
1996.50 8.44 8
2057.00 8.50 8
2117.50 9.00 9
2178.00 9.57 7
2238.50 8.31 8
2299.00 9.00 7
2359.50 9.38 8
2420.00 7.81 8
2480.50 7.00 8
2541.00 7.11 9
2601.50 7.00 9
2662.00 7.00 8
2722.50 7.00 9
2783.00 7.11 9
2843.50 7.10 10
2904.00 7.00 9
2964.50 7.00 9
3025.00 7.00 10
3085.50 7.00 9
3146.00 7.11 9
3206.50 7.11 9
3267.00 7.10 10
3327.50 8.06 8
3388.00 7.06 8
3448.50 7.00 8
3509.00 6.36 7
3569.50 7.93 7
3630.00 9.19 8
3690.50 8.06 8
3751.00 7.56 9
3811.50 7.00 8
3872.00 7.19 8
3932.50 7.00 9
3993.00 7.00 10
4053.50 7.00 10
4114.00 7.00 10
4174.50 7.00 10
4235.00 7.00 10
4295.50 7.00 9
4356.00 7.00 9
4416.50 7.10 10
4477.00 7.11 9
4537.50 7.11 9
4598.00 7.10 10
4658.50 8.06 8
4719.00 8.60 10
4779.50 7.10 10
4840.00 7.17 9
4900.50 7.00 9
4961.00 7.00 9
5021.50 7.10 10
5082.00 7.33 9
5142.50 7.05 10
5203.00 7.00 10
5263.50 7.05 10
5324.00 7.00 10
5384.50 7.10 10
5445.00 7.15 10
5505.50 7.17 9
5566.00 7.56 9
5626.50 7.15 10
5687.00 7.28 9
5747.50 7.17 9
5808.00 7.05 10
5868.50 7.06 9
5929.00 7.28 9
5989.50 7.06 9
6050.00 7.10 10
6110.50 7.06 9
6171.00 7.28 9
6231.50 7.10 10
6292.00 7.00 9
6352.50 7.00 9
6413.00 7.20 10
6473.50 7.11 9
6534.00 7.50 9
6594.50 7.50 10
6655.00 7.39 9
6715.50 7.39 9
6776.00 7.10 10
6836.50 7.11 9
6897.00 7.28 9
6957.50 7.15 10
7018.00 7.00 10
7078.50 7.00 10
7139.00 7.15 10
7199.50 7.35 10
7260.00 7.36 7
7320.50 7.71 7
7381.00 7.50 6
7441.50 7.92 6
7502.00 8.00 7
7562.50 10.00 3
7623.00 10.62 4
7683.50 9.38 4
7744.00 9.33 3
7804.50 9.33 3
7865.00 8.57 7
7925.50 7.50 6
7986.00 7.75 6
8046.50 7.83 6
8107.00 7.08 6
8167.50 8.43 7
8228.00 7.57 7
8288.50 7.44 9
8349.00 7.71 7
8409.50 6.31 8
8470.00 7.00 8
8530.50 7.00 9
8591.00 7.11 9
8651.50 7.06 8
8712.00 7.17 9
8772.50 7.00 9
8833.00 7.12 8
8893.50 7.11 9
8954.00 7.00 9
9014.50 7.00 8
9075.00 7.22 9
9135.50 7.00 8
9196.00 7.00 9
9256.50 7.00 9
9317.00 7.00 9
9377.50 7.00 10
9438.00 7.05 10
9498.50 7.45 10
9559.00 7.05 10
9619.50 7.30 10
9680.00 6.69 8
9740.50 7.25 8
9801.00 7.19 8
9861.50 7.50 8
9922.00 7.94 8
9982.50 6.71 7
10043.00 6.25 8
10103.50 6.67 6
10164.00 8.06 9
10224.50 6.62 8
10285.00 7.00 9
10345.50 7.12 8
10406.00 7.22 9
10466.50 7.00 8
10527.00 7.78 9
10587.50 6.29 7
10648.00 7.69 8
10708.50 6.64 7
10769.00 8.44 8
10829.50 8.00 6
10890.00 7.25 6
10950.50 9.30 5
11011.00 6.00 5
11071.50 6.70 5
11132.00 7.50 6
11192.50 7.43 7
11253.00 8.14 7
11313.50 8.50 8
11374.00 8.81 8
11434.50 6.64 7
11495.00 9.83 6
11555.50 8.57 7
11616.00 8.25 6
11676.50 8.50 7
11737.00 6.00 5
11797.50 6.00 5
11858.00 6.80 5
11918.50 6.10 5
11979.00 8.50 5
12039.50 6.79 7
12100.00 6.75 8
12160.50 6.56 8
12221.00 8.44 8
12281.50 7.69 8
12342.00 6.25 8
12402.50 6.92 6
12463.00 6.00 6
12523.50 7.42 6
12584.00 8.21 7
12644.50 7.00 6
12705.00 6.75 6
12765.50 8.58 6
12826.00 6.92 6
12886.50 6.42 6
12947.00 9.08 6
13007.50 8.31 8
13068.00 7.21 7
13128.50 6.79 7
13189.00 9.25 8
13249.50 7.79 7
13310.00 7.19 8
13370.50 6.64 7
13431.00 7.94 8
13491.50 7.43 7
13552.00 6.00 7
13612.50 8.50 6
13673.00 8.08 6
13733.50 8.43 7
13794.00 6.83 6
13854.50 6.67 9
13915.00 7.00 8
13975.50 7.00 9
14036.00 7.12 8
14096.50 7.00 9
14157.00 7.69 8
14217.50 6.50 8
14278.00 6.25 6
14338.50 8.88 8
14399.00 9.62 8
14459.50 7.00 9
14520.00 7.00 8
14580.50 7.00 9
14641.00 7.33 9
14701.50 7.12 8
14762.00 8.33 6
14822.50 7.75 8
14883.00 6.92 6
14943.50 9.21 7
15004.00 8.43 7
15064.50 7.00 5
15125.00 7.90 5
15185.50 6.00 5
15246.00 10.70 5
15306.50 6.00 5
15367.00 7.75 8
15427.50 7.06 8
15488.00 7.00 7
15548.50 7.44 8
15609.00 8.10 5
15669.50 9.23 11
15730.00 7.00 8
15790.50 7.00 9
15851.00 7.11 9
15911.50 7.12 8
15972.00 9.70 5
16032.50 11.40 5
16093.00 10.10 5
16153.50 7.20 5
16214.00 9.40 5
16274.50 6.71 7
16335.00 8.71 7
16395.50 6.64 7
16456.00 8.67 6
16516.50 7.36 7
16577.00 9.00 3
16637.50 11.00 4
16698.00 10.25 4
16758.50 6.62 4
16819.00 6.33 3
16879.50 11.88 4
16940.00 10.50 4
17000.50 8.70 5
17061.00 6.00 3
17121.50 7.60 5
17182.00 6.69 8
17242.50 7.00 7
17303.00 9.31 8
17363.50 7.86 7
17424.00 7.56 8
17484.50 6.08 6
17545.00 7.21 7
17605.50 7.43 7
17666.00 6.64 7
17726.50 7.50 6
17787.00 8.60 5
17847.50 7.17 6
17908.00 7.50 5
17968.50 7.50 6
18029.00 7.40 5
18089.50 7.00 5
18150.00 6.70 5
18210.50 6.70 5
18271.00 6.80 5
18331.50 6.93 7
18392.00 7.22 9
18452.50 7.00 10
18513.00 7.00 9
18573.50 7.22 9
18634.00 7.00 9
18694.50 7.00 9
18755.00 7.22 9
18815.50 7.25 8
18876.00 7.11 9
18936.50 8.43 7
18997.00 7.21 7
19057.50 8.58 6
19118.00 9.12 8
19178.50 6.92 6
19239.00 8.58 6
19299.50 6.00 3
19360.00 9.10 5
19420.50 8.33 3
19481.00 6.12 4
19541.50 6.00 5
19602.00 7.20 5
19662.50 6.00 5
19723.00 6.00 4
19783.50 6.80 5
19844.00 8.00 6
19904.50 6.50 7
19965.00 6.81 8
20025.50 8.43 7
20086.00 8.43 7
20146.50 10.00 7
20207.00 8.36 7
20267.50 8.33 6
20328.00 6.50 7
20388.50 6.36 7
20449.00 7.07 7
20509.50 6.43 7
20570.00 8.44 8
20630.50 8.62 8
20691.00 8.43 7
20751.50 6.78 9
20812.00 7.00 8
20872.50 7.22 9
20933.00 7.11 9
20993.50 7.12 8
21054.00 7.11 9
21114.50 7.00 10
21175.00 7.00 9
21235.50 7.11 9
21296.00 7.10 10
21356.50 8.64 7
21417.00 9.92 6
21477.50 8.36 7
21538.00 7.14 7
21598.50 7.21 7
