60.50 59.50
121.00 1071.07
181.50 1190.08
242.00 1130.58
302.50 1071.07
363.00 1368.60
423.50 1368.60
484.00 1547.11
544.50 1309.09
605.00 1487.60
665.50 1130.58
726.00 1428.10
786.50 1487.60
847.00 1428.10
907.50 1368.60
968.00 1666.12
1028.50 1547.11
1089.00 1368.60
1149.50 1368.60
1210.00 1547.11
1270.50 1666.12
1331.00 1547.11
1391.50 1487.60
1452.00 1309.09
1512.50 1666.12
1573.00 1428.10
1633.50 1844.63
1694.00 1963.64
1754.50 1904.13
1815.00 1963.64
1875.50 1963.64
1936.00 1725.62
1996.50 1368.60
2057.00 1606.61
2117.50 1309.09
2178.00 1606.61
2238.50 1666.12
2299.00 1725.62
2359.50 1428.10
2420.00 1428.10
2480.50 1606.61
2541.00 1249.59
2601.50 1844.63
2662.00 1666.12
2722.50 1606.61
2783.00 1368.60
2843.50 1487.60
2904.00 1606.61
2964.50 1606.61
3025.00 1547.11
3085.50 1368.60
3146.00 1606.61
3206.50 1725.62
3267.00 1428.10
3327.50 1190.08
3388.00 1190.08
3448.50 1785.12
3509.00 1487.60
3569.50 1606.61
3630.00 1666.12
3690.50 1666.12
3751.00 1725.62
3811.50 1725.62
3872.00 1368.60
3932.50 1606.61
3993.00 1606.61
4053.50 1428.10
4114.00 1844.63
4174.50 1309.09
4235.00 1547.11
4295.50 1606.61
4356.00 1368.60
4416.50 1606.61
4477.00 1487.60
4537.50 1487.60
4598.00 1606.61
4658.50 1249.59
4719.00 1130.58
4779.50 1309.09
4840.00 1606.61
4900.50 1249.59
4961.00 1487.60
5021.50 1547.11
5082.00 1428.10
5142.50 1725.62
5203.00 1249.59
5263.50 1309.09
5324.00 1309.09
5384.50 1368.60
5445.00 1249.59
5505.50 1487.60
5566.00 1309.09
5626.50 1130.58
5687.00 1368.60
5747.50 1249.59
5808.00 654.55
5868.50 1190.08
5929.00 535.54
5989.50 952.07
6050.00 654.55
6110.50 833.06
6171.00 1487.60
6231.50 1368.60
6292.00 1309.09
6352.50 1368.60
6413.00 1130.58
6473.50 1249.59
6534.00 1547.11
6594.50 1309.09
6655.00 1487.60
6715.50 1428.10
6776.00 1309.09
6836.50 1547.11
6897.00 1011.57
6957.50 1130.58
7018.00 1190.08
7078.50 1011.57
7139.00 1190.08
7199.50 1428.10
7260.00 773.55
7320.50 1309.09
7381.00 1190.08
7441.50 1130.58
7502.00 1368.60
7562.50 1249.59
7623.00 833.06
7683.50 952.07
7744.00 1249.59
7804.50 892.56
7865.00 773.55
7925.50 773.55
7986.00 595.04
8046.50 595.04
8107.00 595.04
8167.50 833.06
8228.00 892.56
8288.50 1309.09
8349.00 1011.57
8409.50 1368.60
8470.00 1130.58
8530.50 1249.59
8591.00 1011.57
8651.50 1190.08
8712.00 1130.58
8772.50 1487.60
8833.00 1011.57
8893.50 952.07
8954.00 892.56
9014.50 714.05
9075.00 1309.09
9135.50 1190.08
9196.00 1130.58
9256.50 1190.08
9317.00 1309.09
9377.50 1487.60
9438.00 1249.59
9498.50 1368.60
9559.00 1428.10
9619.50 1190.08
9680.00 1487.60
9740.50 1309.09
9801.00 1071.07
9861.50 1249.59
9922.00 1011.57
9982.50 1368.60
10043.00 1190.08
10103.50 714.05
10164.00 1071.07
10224.50 1130.58
10285.00 1130.58
10345.50 833.06
10406.00 1190.08
10466.50 1071.07
10527.00 1130.58
10587.50 892.56
10648.00 1011.57
10708.50 1666.12
10769.00 1368.60
10829.50 1190.08
10890.00 1428.10
10950.50 1130.58
11011.00 1130.58
11071.50 1487.60
11132.00 1428.10
11192.50 1309.09
11253.00 1785.12
11313.50 1904.13
11374.00 1428.10
11434.50 1309.09
11495.00 1368.60
11555.50 1011.57
11616.00 1309.09
11676.50 1249.59
11737.00 892.56
11797.50 1368.60
11858.00 714.05
11918.50 1309.09
11979.00 1130.58
12039.50 595.04
12100.00 1130.58
12160.50 1071.07
12221.00 773.55
12281.50 1428.10
12342.00 1249.59
12402.50 1547.11
12463.00 1487.60
12523.50 1309.09
12584.00 1547.11
12644.50 1725.62
12705.00 1428.10
12765.50 1547.11
12826.00 1130.58
12886.50 1666.12
12947.00 1606.61
13007.50 1309.09
13068.00 1130.58
13128.50 1368.60
13189.00 1190.08
13249.50 1249.59
13310.00 1071.07
13370.50 833.06
13431.00 952.07
13491.50 892.56
13552.00 1130.58
13612.50 1309.09
13673.00 1249.59
13733.50 1071.07
13794.00 1368.60
13854.50 1309.09
13915.00 1249.59
13975.50 1666.12
14036.00 1428.10
14096.50 1725.62
14157.00 1666.12
14217.50 1309.09
14278.00 1428.10
14338.50 1666.12
14399.00 1249.59
14459.50 1190.08
14520.00 1249.59
14580.50 1249.59
14641.00 1071.07
14701.50 1368.60
14762.00 1368.60
14822.50 1428.10
14883.00 1368.60
14943.50 1368.60
15004.00 1487.60
15064.50 1190.08
15125.00 1487.60
15185.50 1309.09
15246.00 1190.08
15306.50 1368.60
15367.00 1368.60
15427.50 1011.57
15488.00 1071.07
15548.50 1487.60
15609.00 1487.60
15669.50 1428.10
15730.00 1487.60
15790.50 1666.12
15851.00 1130.58
15911.50 1368.60
15972.00 1368.60
16032.50 1428.10
16093.00 1606.61
16153.50 1428.10
16214.00 1368.60
16274.50 1368.60
16335.00 1249.59
16395.50 1487.60
16456.00 1547.11
16516.50 1428.10
16577.00 1487.60
16637.50 1309.09
16698.00 1368.60
16758.50 1487.60
16819.00 1190.08
16879.50 1844.63
16940.00 1190.08
17000.50 1428.10
17061.00 1249.59
17121.50 1368.60
17182.00 1190.08
17242.50 1190.08
17303.00 952.07
17363.50 1428.10
17424.00 1249.59
17484.50 1428.10
17545.00 1190.08
17605.50 1487.60
17666.00 1190.08
17726.50 1190.08
17787.00 1249.59
17847.50 1249.59
17908.00 1487.60
17968.50 1309.09
18029.00 1368.60
18089.50 1428.10
18150.00 1249.59
18210.50 1130.58
18271.00 1190.08
18331.50 1190.08
18392.00 1249.59
18452.50 1249.59
18513.00 1190.08
18573.50 1190.08
18634.00 1547.11
18694.50 1130.58
18755.00 1428.10
18815.50 1071.07
18876.00 1130.58
18936.50 1011.57
18997.00 1249.59
19057.50 1487.60
19118.00 1547.11
19178.50 1487.60
19239.00 1368.60
19299.50 1428.10
19360.00 1428.10
19420.50 1130.58
19481.00 1428.10
19541.50 1249.59
19602.00 1309.09
19662.50 1190.08
19723.00 1190.08
19783.50 1190.08
19844.00 1190.08
19904.50 1249.59
19965.00 1606.61
20025.50 1428.10
20086.00 1309.09
20146.50 1725.62
20207.00 1428.10
20267.50 1309.09
20328.00 1428.10
20388.50 1249.59
20449.00 1309.09
20509.50 1011.57
20570.00 1190.08
20630.50 1309.09
20691.00 952.07
20751.50 1487.60
20812.00 1487.60
20872.50 1130.58
20933.00 1547.11
20993.50 1428.10
21054.00 1428.10
21114.50 1368.60
21175.00 1666.12
21235.50 1368.60
21296.00 1428.10
21356.50 1487.60
21417.00 1309.09
21477.50 952.07
21538.00 1368.60
21598.50 1368.60
