60.50 1.08
121.00 13.81
181.50 17.14
242.00 16.09
302.50 16.16
363.00 15.98
423.50 14.10
484.00 14.93
544.50 16.27
605.00 16.70
665.50 14.10
726.00 18.26
786.50 15.91
847.00 16.02
907.50 16.99
968.00 17.86
1028.50 16.96
1089.00 19.82
1149.50 19.24
1210.00 19.28
1270.50 17.43
1331.00 18.99
1391.50 20.18
1452.00 19.89
1512.50 17.86
1573.00 18.26
1633.50 22.03
1694.00 25.40
1754.50 20.29
1815.00 22.50
1875.50 21.05
1936.00 18.77
1996.50 18.04
2057.00 18.33
2117.50 18.91
2178.00 20.69
2238.50 18.08
2299.00 18.62
2359.50 18.91
2420.00 20.54
2480.50 16.56
2541.00 18.48
2601.50 20.36
2662.00 20.36
2722.50 17.86
2783.00 21.52
2843.50 17.97
2904.00 19.06
2964.50 20.80
3025.00 17.75
3085.50 18.08
3146.00 21.12
3206.50 18.81
3267.00 19.64
3327.50 19.02
3388.00 14.49
3448.50 20.76
3509.00 19.68
3569.50 19.53
3630.00 17.86
3690.50 18.84
3751.00 18.08
3811.50 19.89
3872.00 18.99
3932.50 20.40
3993.00 21.16
4053.50 19.75
4114.00 18.66
4174.50 19.28
4235.00 19.35
4295.50 19.46
4356.00 19.28
4416.50 20.15
4477.00 19.28
4537.50 18.88
4598.00 19.71
4658.50 17.61
4719.00 16.09
4779.50 13.99
4840.00 12.75
4900.50 18.23
4961.00 20.80
5021.50 19.31
5082.00 18.04
5142.50 20.22
5203.00 18.70
5263.50 15.98
5324.00 12.72
5384.50 16.27
5445.00 13.70
5505.50 15.94
5566.00 13.12
5626.50 18.62
5687.00 17.68
5747.50 16.81
5808.00 12.94
5868.50 11.99
5929.00 10.25
5989.50 11.02
6050.00 11.49
6110.50 11.96
6171.00 13.81
6231.50 15.98
6292.00 13.81
6352.50 16.27
6413.00 17.46
6473.50 12.65
6534.00 15.40
6594.50 15.94
6655.00 11.96
6715.50 14.96
6776.00 14.82
6836.50 15.83
6897.00 17.54
6957.50 14.96
7018.00 19.42
7078.50 16.63
7139.00 17.03
7199.50 15.25
7260.00 15.18
7320.50 15.07
7381.00 8.59
7441.50 15.51
7502.00 14.93
7562.50 12.83
7623.00 11.34
7683.50 7.94
7744.00 10.94
7804.50 11.27
7865.00 12.86
7925.50 9.86
7986.00 9.13
8046.50 8.70
8107.00 11.05
8167.50 10.18
8228.00 16.49
8288.50 10.76
8349.00 12.39
8409.50 12.46
8470.00 13.44
8530.50 10.98
8591.00 13.08
8651.50 17.86
8712.00 10.58
8772.50 10.91
8833.00 8.41
8893.50 11.70
8954.00 11.56
9014.50 12.21
9075.00 10.83
9135.50 14.24
9196.00 15.83
9256.50 14.64
9317.00 17.90
9377.50 11.92
9438.00 13.88
9498.50 13.01
9559.00 14.17
9619.50 14.75
9680.00 16.45
9740.50 14.86
9801.00 14.78
9861.50 17.10
9922.00 12.57
9982.50 17.79
10043.00 13.48
10103.50 14.46
10164.00 13.84
10224.50 11.81
10285.00 13.84
10345.50 14.93
10406.00 15.07
10466.50 14.10
10527.00 13.52
10587.50 13.44
10648.00 16.16
10708.50 12.90
10769.00 13.70
10829.50 15.22
10890.00 17.86
10950.50 12.86
11011.00 15.36
11071.50 16.34
11132.00 15.76
11192.50 13.33
11253.00 18.48
11313.50 19.02
11374.00 17.39
11434.50 17.25
11495.00 20.54
11555.50 12.75
11616.00 18.33
11676.50 13.81
11737.00 12.94
11797.50 15.44
11858.00 13.66
11918.50 11.27
11979.00 11.12
12039.50 14.78
12100.00 17.18
12160.50 16.23
12221.00 17.07
12281.50 15.91
12342.00 15.00
12402.50 16.49
12463.00 18.37
12523.50 18.33
12584.00 18.19
12644.50 16.45
12705.00 18.73
12765.50 18.26
12826.00 18.04
12886.50 19.93
12947.00 16.78
13007.50 14.46
13068.00 17.79
13128.50 17.65
13189.00 14.82
13249.50 15.62
13310.00 13.30
13370.50 14.31
13431.00 14.17
13491.50 12.25
13552.00 14.60
13612.50 15.94
13673.00 14.28
13733.50 15.44
13794.00 15.04
13854.50 16.92
13915.00 16.85
13975.50 20.94
14036.00 16.20
14096.50 21.02
14157.00 17.46
14217.50 16.27
14278.00 14.71
14338.50 13.37
14399.00 15.11
14459.50 15.65
14520.00 17.28
14580.50 14.10
14641.00 15.94
14701.50 14.31
14762.00 14.71
14822.50 16.63
14883.00 11.59
14943.50 15.11
15004.00 15.76
15064.50 14.78
15125.00 17.28
15185.50 13.26
15246.00 14.93
15306.50 13.15
15367.00 18.66
15427.50 15.29
15488.00 15.44
15548.50 14.78
15609.00 13.15
15669.50 16.20
15730.00 16.96
15790.50 18.41
15851.00 15.87
15911.50 16.78
15972.00 18.01
16032.50 17.21
16093.00 17.03
16153.50 16.99
16214.00 16.99
16274.50 18.81
16335.00 17.68
16395.50 19.64
16456.00 15.51
16516.50 17.61
16577.00 19.28
16637.50 17.65
16698.00 16.81
16758.50 19.46
16819.00 16.52
16879.50 19.82
16940.00 11.88
17000.50 13.81
17061.00 17.18
17121.50 17.03
17182.00 17.72
17242.50 16.78
17303.00 16.49
17363.50 12.86
17424.00 16.27
17484.50 12.54
17545.00 12.79
17605.50 18.73
17666.00 15.47
17726.50 18.44
17787.00 16.67
17847.50 14.82
17908.00 14.57
17968.50 15.87
18029.00 15.94
18089.50 16.31
18150.00 15.47
18210.50 16.20
18271.00 14.64
18331.50 15.18
18392.00 15.87
18452.50 15.51
18513.00 15.83
18573.50 14.17
18634.00 15.83
18694.50 15.36
18755.00 17.83
18815.50 14.49
18876.00 14.96
18936.50 14.96
18997.00 15.47
19057.50 16.89
19118.00 18.88
19178.50 15.91
19239.00 18.44
19299.50 18.33
19360.00 15.69
19420.50 15.07
19481.00 15.11
19541.50 17.50
19602.00 16.02
19662.50 16.02
19723.00 14.49
19783.50 16.23
19844.00 16.02
19904.50 15.29
19965.00 16.60
20025.50 17.86
20086.00 18.23
20146.50 19.68
20207.00 16.99
20267.50 15.40
20328.00 16.70
20388.50 15.18
20449.00 16.31
20509.50 15.83
20570.00 16.52
20630.50 16.49
20691.00 17.86
20751.50 14.86
20812.00 14.60
20872.50 15.07
20933.00 16.78
20993.50 14.35
21054.00 17.07
21114.50 14.06
21175.00 16.81
21235.50 15.58
21296.00 18.15
21356.50 16.99
21417.00 18.73
21477.50 15.65
21538.00 14.28
21598.50 13.77
