60.50 1.08
121.00 11.45
181.50 13.82
242.00 11.31
302.50 10.98
363.00 15.09
423.50 14.00
484.00 16.00
544.50 14.44
605.00 14.00
665.50 13.45
726.00 15.82
786.50 16.07
847.00 14.62
907.50 16.84
968.00 18.29
1028.50 17.05
1089.00 13.96
1149.50 15.27
1210.00 15.60
1270.50 16.14
1331.00 18.22
1391.50 18.18
1452.00 17.24
1512.50 18.62
1573.00 15.85
1633.50 22.43
1694.00 23.23
1754.50 20.94
1815.00 23.16
1875.50 23.16
1936.00 17.38
1996.50 15.34
2057.00 15.53
2117.50 17.31
2178.00 16.58
2238.50 18.76
2299.00 18.80
2359.50 15.38
2420.00 17.89
2480.50 16.47
2541.00 15.09
2601.50 20.22
2662.00 19.23
2722.50 17.02
2783.00 17.49
2843.50 16.07
2904.00 16.91
2964.50 17.49
3025.00 17.74
3085.50 16.44
3146.00 19.05
3206.50 18.11
3267.00 17.45
3327.50 12.62
3388.00 15.38
3448.50 21.05
3509.00 15.82
3569.50 16.91
3630.00 19.82
3690.50 18.47
3751.00 18.04
3811.50 20.18
3872.00 16.00
3932.50 18.69
3993.00 15.74
4053.50 16.87
4114.00 20.73
4174.50 16.47
4235.00 17.67
4295.50 17.74
4356.00 15.89
4416.50 16.36
4477.00 17.56
4537.50 15.89
4598.00 15.27
4658.50 14.62
4719.00 11.24
4779.50 13.78
4840.00 15.93
4900.50 14.65
4961.00 15.24
5021.50 18.40
5082.00 13.02
5142.50 21.63
5203.00 13.34
5263.50 15.56
5324.00 12.33
5384.50 15.96
5445.00 13.53
5505.50 15.85
5566.00 12.87
5626.50 12.73
5687.00 15.27
5747.50 12.29
5808.00 7.34
5868.50 11.78
5929.00 5.89
5989.50 8.87
6050.00 7.85
6110.50 9.56
6171.00 14.94
6231.50 14.84
6292.00 13.96
6352.50 14.69
6413.00 12.18
6473.50 13.67
6534.00 16.69
6594.50 14.91
6655.00 14.14
6715.50 14.91
6776.00 13.38
6836.50 17.02
6897.00 10.04
6957.50 13.45
7018.00 11.64
7078.50 13.05
7139.00 11.56
7199.50 15.45
7260.00 8.94
7320.50 14.58
7381.00 11.31
7441.50 13.24
7502.00 15.53
7562.50 11.96
7623.00 8.25
7683.50 9.27
7744.00 12.54
7804.50 9.20
7865.00 8.11
7925.50 7.93
7986.00 5.35
8046.50 6.76
8107.00 5.38
8167.50 8.73
8228.00 9.38
8288.50 13.53
8349.00 10.47
8409.50 12.54
8470.00 11.64
8530.50 13.05
8591.00 11.74
8651.50 12.54
8712.00 11.45
8772.50 15.24
8833.00 10.84
8893.50 9.93
8954.00 9.42
9014.50 8.25
9075.00 13.20
9135.50 14.18
9196.00 10.94
9256.50 13.49
9317.00 13.71
9377.50 15.31
9438.00 12.87
9498.50 15.31
9559.00 14.47
9619.50 12.04
9680.00 15.20
9740.50 12.76
9801.00 12.73
9861.50 13.31
9922.00 10.91
9982.50 13.34
10043.00 12.58
10103.50 7.27
10164.00 10.87
10224.50 12.07
10285.00 12.25
10345.50 8.33
10406.00 13.34
10466.50 11.53
10527.00 10.47
10587.50 9.89
10648.00 13.64
10708.50 16.76
10769.00 14.51
10829.50 11.93
10890.00 16.33
10950.50 9.64
11011.00 14.73
11071.50 16.14
11132.00 14.07
11192.50 15.93
11253.00 18.29
11313.50 20.22
11374.00 16.11
11434.50 13.93
11495.00 14.25
11555.50 12.54
11616.00 14.07
11676.50 12.91
11737.00 10.33
11797.50 13.49
11858.00 9.13
11918.50 13.02
11979.00 10.84
12039.50 7.42
12100.00 11.09
12160.50 12.36
12221.00 8.14
12281.50 14.94
12342.00 13.31
12402.50 15.89
12463.00 16.76
12523.50 13.71
12584.00 19.78
12644.50 17.60
12705.00 15.09
12765.50 18.40
12826.00 14.07
12886.50 19.09
12947.00 17.60
13007.50 13.38
13068.00 11.05
13128.50 15.02
13189.00 12.98
13249.50 14.11
13310.00 11.89
13370.50 6.98
13431.00 10.91
13491.50 10.00
13552.00 11.56
13612.50 15.45
13673.00 12.62
13733.50 11.24
13794.00 15.38
13854.50 13.71
13915.00 14.65
13975.50 16.91
14036.00 14.54
14096.50 20.36
14157.00 18.29
14217.50 13.45
14278.00 16.25
14338.50 15.45
14399.00 14.58
14459.50 11.82
14520.00 14.11
14580.50 12.62
14641.00 12.80
14701.50 13.71
14762.00 14.14
14822.50 14.29
14883.00 15.20
14943.50 13.67
15004.00 16.00
15064.50 12.91
15125.00 13.89
15185.50 12.58
15246.00 13.38
15306.50 12.87
15367.00 14.07
15427.50 11.05
15488.00 11.56
15548.50 16.40
15609.00 14.98
15669.50 14.54
15730.00 15.27
15790.50 15.20
15851.00 13.53
15911.50 15.67
15972.00 15.49
16032.50 17.13
16093.00 16.36
16153.50 16.76
16214.00 15.13
16274.50 15.27
16335.00 15.34
16395.50 16.29
16456.00 15.67
16516.50 15.38
16577.00 17.42
16637.50 14.25
16698.00 14.36
16758.50 17.16
16819.00 14.22
16879.50 18.25
16940.00 12.73
17000.50 14.25
17061.00 13.20
17121.50 13.82
17182.00 13.85
17242.50 12.65
17303.00 10.11
17363.50 14.22
17424.00 15.20
17484.50 14.44
17545.00 11.74
17605.50 16.40
17666.00 14.04
17726.50 13.60
17787.00 13.05
17847.50 13.02
17908.00 16.25
17968.50 13.31
18029.00 13.67
18089.50 14.51
18150.00 13.34
18210.50 12.54
18271.00 12.54
18331.50 10.80
18392.00 13.96
18452.50 13.78
18513.00 12.58
18573.50 12.91
18634.00 15.34
18694.50 12.76
18755.00 15.93
18815.50 11.42
18876.00 13.38
18936.50 10.51
18997.00 14.58
19057.50 17.24
19118.00 16.51
19178.50 15.89
19239.00 14.36
19299.50 16.47
19360.00 16.25
19420.50 11.89
19481.00 15.20
19541.50 13.74
19602.00 12.94
19662.50 12.04
19723.00 11.74
19783.50 12.51
19844.00 12.40
19904.50 13.42
19965.00 17.42
20025.50 15.13
20086.00 16.44
20146.50 18.11
20207.00 16.29
20267.50 13.64
20328.00 13.96
20388.50 12.25
20449.00 14.94
20509.50 10.84
20570.00 14.29
20630.50 13.85
20691.00 11.49
20751.50 14.18
20812.00 16.04
20872.50 12.84
20933.00 18.29
20993.50 13.93
21054.00 13.42
21114.50 15.45
21175.00 17.05
21235.50 14.14
21296.00 15.02
21356.50 16.25
21417.00 15.49
21477.50 10.91
21538.00 14.58
21598.50 13.49
