60.50 2.53
121.00 9.25
181.50 11.62
242.00 12.05
302.50 10.98
363.00 12.05
423.50 9.72
484.00 13.64
544.50 12.95
605.00 11.84
665.50 10.11
726.00 17.09
786.50 13.13
847.00 10.98
907.50 18.89
968.00 11.51
1028.50 12.70
1089.00 19.18
1149.50 20.15
1210.00 19.14
1270.50 17.88
1331.00 15.22
1391.50 18.24
1452.00 15.83
1512.50 15.72
1573.00 19.07
1633.50 14.97
1694.00 20.22
1754.50 16.84
1815.00 23.03
1875.50 28.43
1936.00 15.08
1996.50 15.51
2057.00 16.34
2117.50 16.08
2178.00 18.14
2238.50 13.46
2299.00 17.24
2359.50 13.42
2420.00 19.43
2480.50 16.23
2541.00 28.03
2601.50 24.83
2662.00 15.90
2722.50 15.33
2783.00 14.39
2843.50 15.22
2904.00 18.17
2964.50 16.26
3025.00 19.22
3085.50 23.75
3146.00 21.88
3206.50 14.11
3267.00 17.02
3327.50 19.76
3388.00 14.72
3448.50 20.80
3509.00 20.19
3569.50 15.37
3630.00 18.28
3690.50 16.12
3751.00 15.44
3811.50 13.39
3872.00 14.97
3932.50 17.34
3993.00 14.50
4053.50 14.47
4114.00 14.93
4174.50 14.18
4235.00 16.30
4295.50 16.70
4356.00 14.79
4416.50 14.18
4477.00 16.62
4537.50 14.21
4598.00 17.06
4658.50 12.20
4719.00 13.60
4779.50 13.71
4840.00 13.03
4900.50 16.91
4961.00 13.93
5021.50 17.52
5082.00 16.34
5142.50 15.40
5203.00 13.35
5263.50 14.50
5324.00 13.42
5384.50 11.37
5445.00 13.46
5505.50 12.88
5566.00 11.19
5626.50 12.85
5687.00 12.31
5747.50 16.88
5808.00 10.26
5868.50 7.84
5929.00 11.41
5989.50 9.18
6050.00 10.62
6110.50 9.50
6171.00 12.34
6231.50 13.35
6292.00 14.39
6352.50 12.49
6413.00 13.39
6473.50 11.80
6534.00 15.54
6594.50 14.00
6655.00 10.94
6715.50 12.85
6776.00 12.85
6836.50 10.94
6897.00 11.08
6957.50 13.78
7018.00 13.35
7078.50 12.59
7139.00 11.51
7199.50 12.81
7260.00 13.60
7320.50 14.36
7381.00 9.68
7441.50 11.80
7502.00 11.19
7562.50 11.87
7623.00 10.72
7683.50 7.92
7744.00 11.26
7804.50 8.56
7865.00 10.54
7925.50 7.84
7986.00 7.88
8046.50 7.95
8107.00 7.70
8167.50 6.73
8228.00 10.58
8288.50 11.73
8349.00 9.68
8409.50 13.35
8470.00 9.68
8530.50 8.96
8591.00 11.73
8651.50 12.45
8712.00 10.36
8772.50 10.00
8833.00 9.39
8893.50 11.30
8954.00 9.90
9014.50 10.29
9075.00 9.75
9135.50 11.33
9196.00 15.01
9256.50 14.86
9317.00 17.16
9377.50 12.81
9438.00 12.70
9498.50 13.96
9559.00 12.81
9619.50 11.98
9680.00 13.28
9740.50 13.10
9801.00 11.80
9861.50 13.78
9922.00 10.72
9982.50 12.45
10043.00 10.08
10103.50 11.69
10164.00 9.07
10224.50 11.73
10285.00 12.41
10345.50 10.00
10406.00 11.80
10466.50 10.26
10527.00 12.81
10587.50 13.49
10648.00 13.17
10708.50 12.59
10769.00 12.05
10829.50 13.21
10890.00 13.35
10950.50 11.87
11011.00 11.15
11071.50 11.37
11132.00 13.53
11192.50 12.49
11253.00 19.93
11313.50 15.26
11374.00 15.44
11434.50 13.53
11495.00 18.57
11555.50 11.59
11616.00 10.76
11676.50 12.81
11737.00 12.95
11797.50 13.17
11858.00 11.98
11918.50 9.72
11979.00 14.00
12039.50 8.85
12100.00 12.59
12160.50 12.34
12221.00 15.19
12281.50 13.93
12342.00 10.04
12402.50 13.75
12463.00 16.12
12523.50 13.67
12584.00 14.18
12644.50 14.18
12705.00 14.57
12765.50 15.62
12826.00 14.32
12886.50 17.52
12947.00 13.75
13007.50 17.16
13068.00 13.53
13128.50 12.23
13189.00 11.01
13249.50 14.97
13310.00 10.72
13370.50 10.18
13431.00 11.41
13491.50 11.12
13552.00 11.80
13612.50 15.69
13673.00 12.23
13733.50 10.94
13794.00 11.30
13854.50 13.85
13915.00 13.85
13975.50 16.88
14036.00 14.97
14096.50 15.40
14157.00 14.86
14217.50 14.21
14278.00 12.95
14338.50 12.31
14399.00 11.26
14459.50 12.70
14520.00 11.15
14580.50 12.16
14641.00 13.57
14701.50 10.80
14762.00 10.76
14822.50 15.19
14883.00 13.82
14943.50 10.76
15004.00 14.90
15064.50 11.77
15125.00 13.49
15185.50 11.30
15246.00 12.81
15306.50 11.05
15367.00 13.67
15427.50 10.29
15488.00 10.83
15548.50 14.00
15609.00 12.63
15669.50 14.97
15730.00 14.39
15790.50 14.21
15851.00 13.46
15911.50 19.18
15972.00 15.40
16032.50 14.90
16093.00 17.02
16153.50 13.13
16214.00 12.49
16274.50 14.75
16335.00 14.07
16395.50 16.16
16456.00 13.46
16516.50 13.96
16577.00 11.05
16637.50 13.39
16698.00 14.68
16758.50 16.08
16819.00 15.47
16879.50 14.25
16940.00 10.69
17000.50 14.68
17061.00 12.85
17121.50 10.83
17182.00 10.98
17242.50 12.31
17303.00 11.23
17363.50 12.49
17424.00 14.32
17484.50 13.42
17545.00 12.59
17605.50 14.86
17666.00 13.96
17726.50 13.03
17787.00 13.17
17847.50 11.48
17908.00 13.53
17968.50 13.06
18029.00 10.90
18089.50 12.70
18150.00 10.00
18210.50 11.05
18271.00 13.89
18331.50 11.05
18392.00 11.95
18452.50 12.52
18513.00 12.34
18573.50 12.99
18634.00 14.54
18694.50 12.16
18755.00 14.54
18815.50 13.24
18876.00 15.22
18936.50 10.94
18997.00 16.23
19057.50 13.31
19118.00 19.90
19178.50 15.76
19239.00 13.13
19299.50 14.79
19360.00 11.08
19420.50 10.26
19481.00 10.98
19541.50 9.72
19602.00 9.75
19662.50 11.51
19723.00 9.86
19783.50 12.77
19844.00 11.77
19904.50 14.86
19965.00 12.09
20025.50 14.68
20086.00 11.30
20146.50 18.71
20207.00 16.77
20267.50 12.27
20328.00 13.35
20388.50 15.40
20449.00 10.72
20509.50 11.73
20570.00 10.29
20630.50 12.02
20691.00 13.85
20751.50 13.89
20812.00 11.08
20872.50 11.05
20933.00 13.85
20993.50 11.59
21054.00 11.84
21114.50 14.61
21175.00 16.98
21235.50 16.01
21296.00 21.16
21356.50 14.65
21417.00 13.57
21477.50 10.29
21538.00 14.43
21598.50 11.98
