60.50 1.25
121.00 14.23
181.50 17.26
242.00 17.73
302.50 16.32
363.00 16.83
423.50 18.74
484.00 19.75
544.50 18.34
605.00 18.31
665.50 17.77
726.00 21.56
786.50 19.03
847.00 19.14
907.50 22.97
968.00 19.03
1028.50 17.37
1089.00 20.58
1149.50 22.97
1210.00 21.70
1270.50 21.63
1331.00 22.17
1391.50 22.75
1452.00 20.80
1512.50 19.25
1573.00 22.68
1633.50 22.06
1694.00 26.47
1754.50 22.42
1815.00 26.83
1875.50 22.50
1936.00 21.02
1996.50 20.00
2057.00 21.56
2117.50 20.80
2178.00 23.76
2238.50 19.64
2299.00 22.60
2359.50 18.96
2420.00 24.41
2480.50 20.00
2541.00 20.00
2601.50 26.36
2662.00 20.62
2722.50 23.04
2783.00 21.70
2843.50 18.96
2904.00 22.71
2964.50 22.32
3025.00 20.51
3085.50 18.42
3146.00 25.78
3206.50 19.07
3267.00 22.13
3327.50 23.43
3388.00 18.70
3448.50 21.27
3509.00 21.45
3569.50 21.77
3630.00 22.89
3690.50 18.38
3751.00 20.91
3811.50 19.97
3872.00 21.38
3932.50 20.44
3993.00 19.82
4053.50 21.20
4114.00 20.04
4174.50 21.09
4235.00 22.71
4295.50 21.38
4356.00 21.27
4416.50 21.70
4477.00 21.70
4537.50 21.70
4598.00 21.48
4658.50 20.15
4719.00 20.33
4779.50 19.07
4840.00 19.03
4900.50 20.08
4961.00 21.20
5021.50 21.45
5082.00 18.60
5142.50 19.57
5203.00 18.81
5263.50 17.48
5324.00 19.10
5384.50 19.43
5445.00 19.72
5505.50 19.64
5566.00 16.10
5626.50 17.87
5687.00 17.84
5747.50 19.14
5808.00 17.37
5868.50 14.41
5929.00 13.61
5989.50 13.32
6050.00 13.83
6110.50 14.84
6171.00 17.77
6231.50 20.22
6292.00 18.31
6352.50 19.46
6413.00 18.81
6473.50 18.13
6534.00 18.60
6594.50 18.27
6655.00 18.60
6715.50 17.26
6776.00 19.25
6836.50 18.02
6897.00 19.28
6957.50 18.92
7018.00 16.97
7078.50 20.51
7139.00 18.70
7199.50 17.40
7260.00 17.69
7320.50 18.67
7381.00 12.89
7441.50 19.03
7502.00 16.14
7562.50 16.57
7623.00 13.50
7683.50 15.96
7744.00 14.15
7804.50 17.22
7865.00 15.71
7925.50 13.32
7986.00 13.07
8046.50 12.06
8107.00 11.52
8167.50 10.94
8228.00 15.35
8288.50 14.34
8349.00 16.18
8409.50 17.26
8470.00 17.01
8530.50 13.97
8591.00 18.23
8651.50 16.14
8712.00 17.48
8772.50 13.69
8833.00 16.54
8893.50 16.14
8954.00 14.66
9014.50 14.70
9075.00 16.18
9135.50 18.92
9196.00 19.10
9256.50 17.98
9317.00 19.61
9377.50 17.22
9438.00 18.92
9498.50 17.44
9559.00 16.86
9619.50 19.03
9680.00 17.73
9740.50 19.14
9801.00 17.30
9861.50 18.45
9922.00 14.44
9982.50 18.42
10043.00 16.18
10103.50 14.99
10164.00 16.72
10224.50 14.44
10285.00 18.70
10345.50 12.75
10406.00 18.67
10466.50 15.92
10527.00 14.77
10587.50 19.25
10648.00 20.65
10708.50 19.43
10769.00 16.36
10829.50 18.20
10890.00 18.34
10950.50 19.46
11011.00 16.00
11071.50 19.53
11132.00 18.38
11192.50 17.80
11253.00 20.73
11313.50 21.27
11374.00 20.87
11434.50 17.77
11495.00 22.68
11555.50 14.91
11616.00 20.18
11676.50 17.84
11737.00 15.78
11797.50 17.62
11858.00 13.76
11918.50 13.18
11979.00 16.10
12039.50 12.57
12100.00 19.61
12160.50 19.86
12221.00 18.96
12281.50 17.80
12342.00 16.83
12402.50 19.79
12463.00 21.77
12523.50 21.85
12584.00 21.30
12644.50 20.33
12705.00 21.30
12765.50 21.70
12826.00 19.57
12886.50 21.05
12947.00 21.56
13007.50 17.33
13068.00 18.45
13128.50 17.48
13189.00 14.34
13249.50 17.12
13310.00 14.44
13370.50 13.65
13431.00 18.70
13491.50 17.84
13552.00 18.16
13612.50 19.68
13673.00 21.38
13733.50 15.82
13794.00 18.45
13854.50 17.37
13915.00 20.76
13975.50 21.20
14036.00 20.37
14096.50 23.15
14157.00 20.18
14217.50 19.17
14278.00 18.63
14338.50 18.16
14399.00 17.04
14459.50 19.28
14520.00 18.49
14580.50 16.00
14641.00 18.52
14701.50 17.98
14762.00 17.12
14822.50 19.97
14883.00 17.30
14943.50 17.33
15004.00 21.05
15064.50 15.56
15125.00 19.25
15185.50 17.91
15246.00 19.39
15306.50 16.32
15367.00 18.81
15427.50 16.47
15488.00 16.39
15548.50 18.42
15609.00 17.15
15669.50 22.35
15730.00 18.74
15790.50 19.75
15851.00 18.52
15911.50 21.16
15972.00 18.23
16032.50 20.37
16093.00 22.17
16153.50 21.63
16214.00 19.28
16274.50 20.22
16335.00 19.28
16395.50 20.87
16456.00 17.51
16516.50 19.07
16577.00 18.81
16637.50 21.09
16698.00 18.92
16758.50 21.09
16819.00 22.17
16879.50 20.51
16940.00 15.64
17000.50 20.87
17061.00 19.46
17121.50 16.61
17182.00 15.85
17242.50 19.72
17303.00 18.09
17363.50 18.02
17424.00 20.44
17484.50 14.37
17545.00 17.04
17605.50 19.86
17666.00 18.05
17726.50 19.28
17787.00 17.22
17847.50 16.18
17908.00 18.70
17968.50 18.38
18029.00 18.31
18089.50 20.11
18150.00 16.36
18210.50 17.08
18271.00 19.61
18331.50 18.09
18392.00 17.95
18452.50 16.50
18513.00 15.31
18573.50 16.00
18634.00 20.15
18694.50 16.47
18755.00 18.52
18815.50 15.06
18876.00 18.31
18936.50 15.02
18997.00 19.32
19057.50 19.03
19118.00 21.92
19178.50 18.60
19239.00 19.39
19299.50 19.90
19360.00 18.20
19420.50 16.79
19481.00 17.40
19541.50 16.43
19602.00 15.60
19662.50 17.37
19723.00 14.52
19783.50 17.04
19844.00 17.73
19904.50 21.48
19965.00 18.70
20025.50 19.43
20086.00 17.95
20146.50 23.80
20207.00 20.58
20267.50 18.56
20328.00 17.40
20388.50 18.38
20449.00 17.58
20509.50 18.31
20570.00 17.77
20630.50 18.63
20691.00 19.79
20751.50 17.40
20812.00 17.87
20872.50 18.31
20933.00 19.57
20993.50 16.03
21054.00 17.44
21114.50 21.12
21175.00 19.86
21235.50 19.28
21296.00 20.37
21356.50 19.90
21417.00 20.40
21477.50 16.21
21538.00 17.08
21598.50 16.10
