60.50 297.52
121.00 1249.59
181.50 1487.60
242.00 1844.63
302.50 1368.60
363.00 1428.10
423.50 1725.62
484.00 1785.12
544.50 1725.62
605.00 1606.61
665.50 1606.61
726.00 1785.12
786.50 1904.13
847.00 1785.12
907.50 2023.14
968.00 1487.60
1028.50 1725.62
1089.00 1725.62
1149.50 2082.64
1210.00 1904.13
1270.50 1725.62
1331.00 1725.62
1391.50 1963.64
1452.00 2023.14
1512.50 1844.63
1573.00 2023.14
1633.50 2082.64
1694.00 2261.16
1754.50 1785.12
1815.00 2142.15
1875.50 2082.64
1936.00 1963.64
1996.50 1725.62
2057.00 1785.12
2117.50 2023.14
2178.00 1785.12
2238.50 1904.13
2299.00 1904.13
2359.50 1725.62
2420.00 2023.14
2480.50 1785.12
2541.00 1785.12
2601.50 1725.62
2662.00 1725.62
2722.50 2082.64
2783.00 1904.13
2843.50 1844.63
2904.00 1904.13
2964.50 1963.64
3025.00 1725.62
3085.50 1785.12
3146.00 1963.64
3206.50 1904.13
3267.00 1963.64
3327.50 2082.64
3388.00 1725.62
3448.50 1606.61
3509.00 1963.64
3569.50 1904.13
3630.00 1785.12
3690.50 1725.62
3751.00 1725.62
3811.50 1844.63
3872.00 2023.14
3932.50 1666.12
3993.00 1844.63
4053.50 1844.63
4114.00 1666.12
4174.50 1963.64
4235.00 1963.64
4295.50 1963.64
4356.00 1844.63
4416.50 1963.64
4477.00 1963.64
4537.50 1785.12
4598.00 1844.63
4658.50 1785.12
4719.00 1844.63
4779.50 1785.12
4840.00 1725.62
4900.50 2023.14
4961.00 1844.63
5021.50 1785.12
5082.00 1844.63
5142.50 1844.63
5203.00 1725.62
5263.50 1785.12
5324.00 1785.12
5384.50 1844.63
5445.00 1844.63
5505.50 1785.12
5566.00 1666.12
5626.50 1606.61
5687.00 1487.60
5747.50 1785.12
5808.00 1547.11
5868.50 1368.60
5929.00 1547.11
5989.50 1249.59
6050.00 1428.10
6110.50 1606.61
6171.00 1725.62
6231.50 1725.62
6292.00 1725.62
6352.50 1606.61
6413.00 1547.11
6473.50 1785.12
6534.00 1666.12
6594.50 1606.61
6655.00 1785.12
6715.50 1606.61
6776.00 1785.12
6836.50 1785.12
6897.00 1785.12
6957.50 1547.11
7018.00 1547.11
7078.50 1844.63
7139.00 1844.63
7199.50 1666.12
7260.00 1666.12
7320.50 1725.62
7381.00 1428.10
7441.50 1666.12
7502.00 1249.59
7562.50 1606.61
7623.00 1487.60
7683.50 1666.12
7744.00 1368.60
7804.50 1547.11
7865.00 1487.60
7925.50 1428.10
7986.00 1130.58
8046.50 1249.59
8107.00 1130.58
8167.50 1071.07
8228.00 1487.60
8288.50 1487.60
8349.00 1606.61
8409.50 1547.11
8470.00 1666.12
8530.50 1547.11
8591.00 1428.10
8651.50 1666.12
8712.00 1725.62
8772.50 1249.59
8833.00 1487.60
8893.50 1487.60
8954.00 1428.10
9014.50 1487.60
9075.00 1487.60
9135.50 1785.12
9196.00 1904.13
9256.50 1606.61
9317.00 1785.12
9377.50 1725.62
9438.00 1785.12
9498.50 1785.12
9559.00 1547.11
9619.50 1844.63
9680.00 1725.62
9740.50 1606.61
9801.00 1785.12
9861.50 1666.12
9922.00 1547.11
9982.50 1666.12
10043.00 1666.12
10103.50 1606.61
10164.00 1547.11
10224.50 1547.11
10285.00 1666.12
10345.50 1249.59
10406.00 1487.60
10466.50 1368.60
10527.00 1547.11
10587.50 1844.63
10648.00 1606.61
10708.50 1725.62
10769.00 1547.11
10829.50 1487.60
10890.00 1725.62
10950.50 1844.63
11011.00 1428.10
11071.50 1785.12
11132.00 1725.62
11192.50 1606.61
11253.00 1904.13
11313.50 1963.64
11374.00 1785.12
11434.50 1785.12
11495.00 1963.64
11555.50 1547.11
11616.00 1785.12
11676.50 1606.61
11737.00 1547.11
11797.50 1547.11
11858.00 1190.08
11918.50 1368.60
11979.00 1666.12
12039.50 1249.59
12100.00 1785.12
12160.50 1785.12
12221.00 1844.63
12281.50 1785.12
12342.00 1547.11
12402.50 1963.64
12463.00 1785.12
12523.50 1904.13
12584.00 1785.12
12644.50 1844.63
12705.00 1785.12
12765.50 1904.13
12826.00 1666.12
12886.50 1844.63
12947.00 2023.14
13007.50 1725.62
13068.00 1547.11
13128.50 1606.61
13189.00 1309.09
13249.50 1666.12
13310.00 1487.60
13370.50 1606.61
13431.00 1785.12
13491.50 1666.12
13552.00 1725.62
13612.50 1844.63
13673.00 1725.62
13733.50 1428.10
13794.00 1785.12
13854.50 1725.62
13915.00 1844.63
13975.50 1963.64
14036.00 1963.64
14096.50 1963.64
14157.00 1725.62
14217.50 1785.12
14278.00 1547.11
14338.50 1725.62
14399.00 1606.61
14459.50 1725.62
14520.00 1606.61
14580.50 1725.62
14641.00 1785.12
14701.50 1666.12
14762.00 1725.62
14822.50 1844.63
14883.00 1785.12
14943.50 1606.61
15004.00 2023.14
15064.50 1487.60
15125.00 1606.61
15185.50 1666.12
15246.00 1606.61
15306.50 1606.61
15367.00 1666.12
15427.50 1666.12
15488.00 1606.61
15548.50 1428.10
15609.00 1666.12
15669.50 1844.63
15730.00 1785.12
15790.50 1785.12
15851.00 1725.62
15911.50 1963.64
15972.00 1666.12
16032.50 1844.63
16093.00 1963.64
16153.50 1963.64
16214.00 1844.63
16274.50 1844.63
16335.00 1844.63
16395.50 1904.13
16456.00 1606.61
16516.50 1963.64
16577.00 1725.62
16637.50 1963.64
16698.00 1606.61
16758.50 1904.13
16819.00 1785.12
16879.50 1666.12
16940.00 1487.60
17000.50 1725.62
17061.00 1785.12
17121.50 1547.11
17182.00 1190.08
17242.50 1785.12
17303.00 1606.61
17363.50 1666.12
17424.00 1725.62
17484.50 1606.61
17545.00 1725.62
17605.50 1725.62
17666.00 1844.63
17726.50 1785.12
17787.00 1666.12
17847.50 1666.12
17908.00 1904.13
17968.50 1606.61
18029.00 1606.61
18089.50 1725.62
18150.00 1785.12
18210.50 1547.11
18271.00 1904.13
18331.50 1666.12
18392.00 1666.12
18452.50 1547.11
18513.00 1547.11
18573.50 1309.09
18634.00 1606.61
18694.50 1606.61
18755.00 1785.12
18815.50 1428.10
18876.00 1785.12
18936.50 1368.60
18997.00 1904.13
19057.50 1785.12
19118.00 1904.13
19178.50 1666.12
19239.00 1785.12
19299.50 1606.61
19360.00 1666.12
19420.50 1606.61
19481.00 1606.61
19541.50 1547.11
19602.00 1309.09
19662.50 1844.63
19723.00 1487.60
19783.50 1428.10
19844.00 1844.63
19904.50 1963.64
19965.00 1725.62
20025.50 2023.14
20086.00 1487.60
20146.50 1904.13
20207.00 1785.12
20267.50 1606.61
20328.00 1666.12
20388.50 1725.62
20449.00 1725.62
20509.50 1547.11
20570.00 1666.12
20630.50 1725.62
20691.00 1785.12
20751.50 1606.61
20812.00 1666.12
20872.50 1606.61
20933.00 1785.12
20993.50 1606.61
21054.00 1666.12
21114.50 1844.63
21175.00 1904.13
21235.50 1606.61
21296.00 1844.63
21356.50 1844.63
21417.00 1844.63
21477.50 1606.61
21538.00 1666.12
21598.50 1428.10
