60.50 59.50
121.00 1309.09
181.50 1666.12
242.00 1547.11
302.50 1428.10
363.00 1606.61
423.50 1428.10
484.00 1249.59
544.50 1428.10
605.00 1606.61
665.50 1309.09
726.00 1666.12
786.50 1547.11
847.00 1487.60
907.50 1606.61
968.00 1785.12
1028.50 1725.62
1089.00 1725.62
1149.50 1725.62
1210.00 1725.62
1270.50 1666.12
1331.00 1785.12
1391.50 1844.63
1452.00 1844.63
1512.50 1725.62
1573.00 1725.62
1633.50 1963.64
1694.00 2082.64
1754.50 1844.63
1815.00 2023.14
1875.50 1785.12
1936.00 1844.63
1996.50 1785.12
2057.00 1666.12
2117.50 1725.62
2178.00 1844.63
2238.50 1725.62
2299.00 1785.12
2359.50 1785.12
2420.00 1963.64
2480.50 1547.11
2541.00 1725.62
2601.50 1844.63
2662.00 1963.64
2722.50 1844.63
2783.00 1785.12
2843.50 1785.12
2904.00 1666.12
2964.50 1785.12
3025.00 1606.61
3085.50 1547.11
3146.00 1963.64
3206.50 1785.12
3267.00 1844.63
3327.50 1844.63
3388.00 1309.09
3448.50 1904.13
3509.00 1785.12
3569.50 1785.12
3630.00 1785.12
3690.50 1666.12
3751.00 1666.12
3811.50 1844.63
3872.00 1666.12
3932.50 1844.63
3993.00 1904.13
4053.50 1844.63
4114.00 1666.12
4174.50 1725.62
4235.00 1785.12
4295.50 1725.62
4356.00 1785.12
4416.50 1904.13
4477.00 1725.62
4537.50 1725.62
4598.00 1844.63
4658.50 1666.12
4719.00 1666.12
4779.50 1309.09
4840.00 1249.59
4900.50 1547.11
4961.00 1844.63
5021.50 1785.12
5082.00 1606.61
5142.50 1844.63
5203.00 1785.12
5263.50 1487.60
5324.00 1071.07
5384.50 1606.61
5445.00 1309.09
5505.50 1547.11
5566.00 1249.59
5626.50 1666.12
5687.00 1547.11
5747.50 1606.61
5808.00 1368.60
5868.50 1190.08
5929.00 1130.58
5989.50 1071.07
6050.00 1190.08
6110.50 1190.08
6171.00 1428.10
6231.50 1428.10
6292.00 1249.59
6352.50 1428.10
6413.00 1725.62
6473.50 1190.08
6534.00 1428.10
6594.50 1428.10
6655.00 1190.08
6715.50 1309.09
6776.00 1487.60
6836.50 1428.10
6897.00 1666.12
6957.50 1547.11
7018.00 1725.62
7078.50 1606.61
7139.00 1606.61
7199.50 1309.09
7260.00 1428.10
7320.50 1606.61
7381.00 952.07
7441.50 1487.60
7502.00 1428.10
7562.50 1190.08
7623.00 1249.59
7683.50 773.55
7744.00 1130.58
7804.50 1190.08
7865.00 1249.59
7925.50 1190.08
7986.00 892.56
8046.50 952.07
8107.00 1071.07
8167.50 1011.57
8228.00 1547.11
8288.50 1249.59
8349.00 1249.59
8409.50 1368.60
8470.00 1130.58
8530.50 1011.57
8591.00 1368.60
8651.50 1606.61
8712.00 1071.07
8772.50 1130.58
8833.00 833.06
8893.50 1130.58
8954.00 1190.08
9014.50 1249.59
9075.00 952.07
9135.50 1190.08
9196.00 1547.11
9256.50 1487.60
9317.00 1666.12
9377.50 1190.08
9438.00 1547.11
9498.50 1130.58
9559.00 1368.60
9619.50 1249.59
9680.00 1606.61
9740.50 1368.60
9801.00 1487.60
9861.50 1547.11
9922.00 1368.60
9982.50 1547.11
10043.00 1368.60
10103.50 1309.09
10164.00 1249.59
10224.50 1249.59
10285.00 1130.58
10345.50 1487.60
10406.00 1606.61
10466.50 1368.60
10527.00 1309.09
10587.50 1249.59
10648.00 1666.12
10708.50 1309.09
10769.00 1368.60
10829.50 1428.10
10890.00 1487.60
10950.50 1309.09
11011.00 1428.10
11071.50 1428.10
11132.00 1547.11
11192.50 1190.08
11253.00 1666.12
11313.50 1725.62
11374.00 1428.10
11434.50 1666.12
11495.00 1963.64
11555.50 1309.09
11616.00 1725.62
11676.50 1487.60
11737.00 1309.09
11797.50 1428.10
11858.00 1428.10
11918.50 1190.08
11979.00 1071.07
12039.50 1487.60
12100.00 1606.61
12160.50 1606.61
12221.00 1666.12
12281.50 1487.60
12342.00 1547.11
12402.50 1368.60
12463.00 1666.12
12523.50 1785.12
12584.00 1725.62
12644.50 1428.10
12705.00 1844.63
12765.50 1785.12
12826.00 1666.12
12886.50 1844.63
12947.00 1428.10
13007.50 1487.60
13068.00 1606.61
13128.50 1666.12
13189.00 1487.60
13249.50 1547.11
13310.00 1309.09
13370.50 1309.09
13431.00 1368.60
13491.50 1130.58
13552.00 1368.60
13612.50 1428.10
13673.00 1547.11
13733.50 1547.11
13794.00 1428.10
13854.50 1547.11
13915.00 1547.11
13975.50 1785.12
14036.00 1547.11
14096.50 1725.62
14157.00 1666.12
14217.50 1547.11
14278.00 1249.59
14338.50 1309.09
14399.00 1309.09
14459.50 1547.11
14520.00 1606.61
14580.50 1368.60
14641.00 1547.11
14701.50 1368.60
14762.00 1487.60
14822.50 1547.11
14883.00 1130.58
14943.50 1309.09
15004.00 1487.60
15064.50 1428.10
15125.00 1666.12
15185.50 1190.08
15246.00 1368.60
15306.50 1249.59
15367.00 1725.62
15427.50 1428.10
15488.00 1547.11
15548.50 1368.60
15609.00 1309.09
15669.50 1606.61
15730.00 1666.12
15790.50 1666.12
15851.00 1547.11
15911.50 1606.61
15972.00 1606.61
16032.50 1547.11
16093.00 1487.60
16153.50 1606.61
16214.00 1547.11
16274.50 1666.12
16335.00 1785.12
16395.50 1666.12
16456.00 1666.12
16516.50 1428.10
16577.00 1844.63
16637.50 1725.62
16698.00 1547.11
16758.50 1844.63
16819.00 1606.61
16879.50 1785.12
16940.00 1130.58
17000.50 1249.59
17061.00 1547.11
17121.50 1547.11
17182.00 1606.61
17242.50 1606.61
17303.00 1547.11
17363.50 1249.59
17424.00 1606.61
17484.50 1368.60
17545.00 1190.08
17605.50 1606.61
17666.00 1428.10
17726.50 1725.62
17787.00 1606.61
17847.50 1428.10
17908.00 1249.59
17968.50 1547.11
18029.00 1428.10
18089.50 1606.61
18150.00 1428.10
18210.50 1606.61
18271.00 1487.60
18331.50 1547.11
18392.00 1606.61
18452.50 1487.60
18513.00 1487.60
18573.50 1428.10
18634.00 1666.12
18694.50 1487.60
18755.00 1666.12
18815.50 1487.60
18876.00 1428.10
18936.50 1547.11
18997.00 1487.60
19057.50 1547.11
19118.00 1844.63
19178.50 1428.10
19239.00 1725.62
19299.50 1725.62
19360.00 1606.61
19420.50 1487.60
19481.00 1368.60
19541.50 1547.11
19602.00 1547.11
19662.50 1547.11
19723.00 1428.10
19783.50 1606.61
19844.00 1547.11
19904.50 1487.60
19965.00 1547.11
20025.50 1725.62
20086.00 1606.61
20146.50 1844.63
20207.00 1606.61
20267.50 1487.60
20328.00 1606.61
20388.50 1487.60
20449.00 1606.61
20509.50 1606.61
20570.00 1547.11
20630.50 1606.61
20691.00 1606.61
20751.50 1547.11
20812.00 1368.60
20872.50 1487.60
20933.00 1428.10
20993.50 1428.10
21054.00 1547.11
21114.50 1249.59
21175.00 1606.61
21235.50 1547.11
21296.00 1725.62
21356.50 1547.11
21417.00 1785.12
21477.50 1606.61
21538.00 1428.10
21598.50 1249.59
