60.50 59.50
121.00 833.06
181.50 1071.07
242.00 892.56
302.50 1130.58
363.00 1190.08
423.50 1011.57
484.00 1309.09
544.50 1071.07
605.00 1130.58
665.50 833.06
726.00 1368.60
786.50 1071.07
847.00 892.56
907.50 1249.59
968.00 952.07
1028.50 952.07
1089.00 1309.09
1149.50 1428.10
1210.00 1130.58
1270.50 1190.08
1331.00 1130.58
1391.50 1428.10
1452.00 1071.07
1512.50 1487.60
1573.00 1309.09
1633.50 1071.07
1694.00 1487.60
1754.50 1249.59
1815.00 1606.61
1875.50 1666.12
1936.00 1011.57
1996.50 1249.59
2057.00 1130.58
2117.50 1190.08
2178.00 1190.08
2238.50 952.07
2299.00 1190.08
2359.50 1071.07
2420.00 1249.59
2480.50 1190.08
2541.00 1130.58
2601.50 892.56
2662.00 1130.58
2722.50 1190.08
2783.00 1011.57
2843.50 1071.07
2904.00 1368.60
2964.50 1130.58
3025.00 1130.58
3085.50 1249.59
3146.00 1666.12
3206.50 1011.57
3267.00 1130.58
3327.50 1487.60
3388.00 1249.59
3448.50 1368.60
3509.00 1249.59
3569.50 1130.58
3630.00 1428.10
3690.50 1011.57
3751.00 1309.09
3811.50 1130.58
3872.00 1190.08
3932.50 1249.59
3993.00 1249.59
4053.50 1071.07
4114.00 1249.59
4174.50 1130.58
4235.00 1249.59
4295.50 1309.09
4356.00 1071.07
4416.50 1368.60
4477.00 892.56
4537.50 1249.59
4598.00 1071.07
4658.50 952.07
4719.00 1071.07
4779.50 1130.58
4840.00 1130.58
4900.50 1011.57
4961.00 1071.07
5021.50 1130.58
5082.00 1249.59
5142.50 1130.58
5203.00 952.07
5263.50 1011.57
5324.00 1071.07
5384.50 1130.58
5445.00 892.56
5505.50 1011.57
5566.00 833.06
5626.50 1071.07
5687.00 1071.07
5747.50 1190.08
5808.00 892.56
5868.50 535.54
5929.00 595.04
5989.50 714.05
6050.00 892.56
6110.50 714.05
6171.00 1011.57
6231.50 1130.58
6292.00 1071.07
6352.50 1130.58
6413.00 1249.59
6473.50 1071.07
6534.00 1011.57
6594.50 1071.07
6655.00 1071.07
6715.50 833.06
6776.00 1071.07
6836.50 833.06
6897.00 1071.07
6957.50 1011.57
7018.00 1011.57
7078.50 1190.08
7139.00 952.07
7199.50 1011.57
7260.00 952.07
7320.50 892.56
7381.00 654.55
7441.50 952.07
7502.00 892.56
7562.50 952.07
7623.00 892.56
7683.50 595.04
7744.00 654.55
7804.50 833.06
7865.00 892.56
7925.50 535.54
7986.00 773.55
8046.50 595.04
8107.00 595.04
8167.50 595.04
8228.00 654.55
8288.50 714.05
8349.00 595.04
8409.50 892.56
8470.00 654.55
8530.50 833.06
8591.00 1011.57
8651.50 892.56
8712.00 1011.57
8772.50 773.55
8833.00 833.06
8893.50 892.56
8954.00 833.06
9014.50 654.55
9075.00 714.05
9135.50 892.56
9196.00 1249.59
9256.50 1190.08
9317.00 1071.07
9377.50 833.06
9438.00 1071.07
9498.50 952.07
9559.00 1190.08
9619.50 654.55
9680.00 1249.59
9740.50 952.07
9801.00 1071.07
9861.50 892.56
9922.00 892.56
9982.50 1071.07
10043.00 833.06
10103.50 892.56
10164.00 833.06
10224.50 952.07
10285.00 892.56
10345.50 1011.57
10406.00 654.55
10466.50 952.07
10527.00 892.56
10587.50 1071.07
10648.00 1011.57
10708.50 1130.58
10769.00 1011.57
10829.50 1190.08
10890.00 952.07
10950.50 1071.07
11011.00 892.56
11071.50 773.55
11132.00 1071.07
11192.50 1071.07
11253.00 1249.59
11313.50 1309.09
11374.00 1309.09
11434.50 952.07
11495.00 1368.60
11555.50 833.06
11616.00 892.56
11676.50 1011.57
11737.00 1130.58
11797.50 1011.57
11858.00 1011.57
11918.50 833.06
11979.00 892.56
12039.50 654.55
12100.00 714.05
12160.50 1071.07
12221.00 1071.07
12281.50 952.07
12342.00 714.05
12402.50 1130.58
12463.00 1368.60
12523.50 1071.07
12584.00 1130.58
12644.50 1190.08
12705.00 1130.58
12765.50 1249.59
12826.00 1190.08
12886.50 1190.08
12947.00 1249.59
13007.50 1190.08
13068.00 1130.58
13128.50 952.07
13189.00 952.07
13249.50 1249.59
13310.00 833.06
13370.50 714.05
13431.00 892.56
13491.50 833.06
13552.00 714.05
13612.50 1071.07
13673.00 1130.58
13733.50 1130.58
13794.00 714.05
13854.50 1011.57
13915.00 1130.58
13975.50 1249.59
14036.00 1190.08
14096.50 1011.57
14157.00 1249.59
14217.50 892.56
14278.00 1071.07
14338.50 1071.07
14399.00 1011.57
14459.50 952.07
14520.00 952.07
14580.50 952.07
14641.00 1130.58
14701.50 952.07
14762.00 833.06
14822.50 892.56
14883.00 1011.57
14943.50 714.05
15004.00 1130.58
15064.50 952.07
15125.00 1130.58
15185.50 833.06
15246.00 1249.59
15306.50 952.07
15367.00 952.07
15427.50 833.06
15488.00 952.07
15548.50 1071.07
15609.00 952.07
15669.50 1071.07
15730.00 1309.09
15790.50 892.56
15851.00 1071.07
15911.50 1368.60
15972.00 1190.08
16032.50 1190.08
16093.00 1249.59
16153.50 1130.58
16214.00 1071.07
16274.50 952.07
16335.00 1130.58
16395.50 1071.07
16456.00 1071.07
16516.50 1130.58
16577.00 952.07
16637.50 1011.57
16698.00 1011.57
16758.50 1130.58
16819.00 1309.09
16879.50 1130.58
16940.00 952.07
17000.50 1190.08
17061.00 1249.59
17121.50 892.56
17182.00 892.56
17242.50 1071.07
17303.00 1071.07
17363.50 1011.57
17424.00 1011.57
17484.50 1011.57
17545.00 833.06
17605.50 1130.58
17666.00 1071.07
17726.50 952.07
17787.00 952.07
17847.50 892.56
17908.00 952.07
17968.50 952.07
18029.00 773.55
18089.50 1011.57
18150.00 833.06
18210.50 714.05
18271.00 833.06
18331.50 1011.57
18392.00 952.07
18452.50 1011.57
18513.00 1071.07
18573.50 773.55
18634.00 1130.58
18694.50 833.06
18755.00 1130.58
18815.50 1011.57
18876.00 1309.09
18936.50 1130.58
18997.00 1190.08
19057.50 952.07
19118.00 1368.60
19178.50 1309.09
19239.00 1011.57
19299.50 952.07
19360.00 1071.07
19420.50 773.55
19481.00 1011.57
19541.50 892.56
19602.00 1071.07
19662.50 714.05
19723.00 714.05
19783.50 833.06
19844.00 892.56
19904.50 1071.07
19965.00 1011.57
20025.50 1011.57
20086.00 892.56
20146.50 1368.60
20207.00 1130.58
20267.50 1071.07
20328.00 1011.57
20388.50 714.05
20449.00 892.56
20509.50 1130.58
20570.00 892.56
20630.50 892.56
20691.00 1011.57
20751.50 1071.07
20812.00 654.55
20872.50 1011.57
20933.00 1190.08
20993.50 952.07
21054.00 892.56
21114.50 1071.07
21175.00 1249.59
21235.50 1190.08
21296.00 1428.10
21356.50 1071.07
21417.00 952.07
21477.50 892.56
21538.00 1249.59
21598.50 952.07
