60.50 9.60 5
121.00 14.40 5
181.50 11.43 7
242.00 7.50 6
302.50 9.42 6
363.00 10.00 5
423.50 7.20 5
484.00 8.60 5
544.50 7.50 5
605.00 8.80 5
665.50 7.50 6
726.00 9.80 5
786.50 7.42 6
847.00 8.40 5
907.50 8.42 6
968.00 8.50 8
1028.50 9.06 8
1089.00 8.50 8
1149.50 9.06 8
1210.00 10.06 8
1270.50 11.08 6
1331.00 10.75 6
1391.50 11.67 6
1452.00 12.08 6
1512.50 13.25 6
1573.00 16.25 6
1633.50 20.33 6
1694.00 29.00 5
1754.50 43.40 5
1815.00 65.25 4
1875.50 87.20 5
1936.00 101.25 6
1996.50 112.93 7
2057.00 121.29 7
2117.50 124.71 7
2178.00 130.56 8
2238.50 134.43 7
2299.00 137.88 8
2359.50 143.00 6
2420.00 141.56 8
2480.50 131.81 8
2541.00 129.00 6
2601.50 138.31 8
2662.00 134.36 7
2722.50 131.29 7
2783.00 133.43 7
2843.50 139.07 7
2904.00 134.79 7
2964.50 126.00 8
3025.00 125.12 8
3085.50 135.29 7
3146.00 137.57 7
3206.50 137.64 7
3267.00 135.00 6
3327.50 140.07 7
3388.00 133.93 7
3448.50 123.21 7
3509.00 121.64 7
3569.50 120.00 7
3630.00 124.36 7
3690.50 130.29 7
3751.00 134.50 7
3811.50 126.00 8
3872.00 119.94 8
3932.50 121.25 8
3993.00 123.00 7
4053.50 127.31 8
4114.00 131.43 7
4174.50 132.44 8
4235.00 122.36 7
4295.50 121.00 8
4356.00 121.88 8
4416.50 128.19 8
4477.00 132.50 7
4537.50 132.25 8
4598.00 128.44 8
4658.50 126.36 7
4719.00 128.81 8
4779.50 130.50 7
4840.00 126.44 8
4900.50 123.69 8
4961.00 126.00 7
5021.50 133.21 7
5082.00 137.07 7
5142.50 135.79 7
5203.00 125.25 8
5263.50 128.29 7
5324.00 138.00 7
5384.50 127.75 8
5445.00 120.39 9
5505.50 117.62 8
5566.00 126.14 7
5626.50 130.61 9
5687.00 129.93 7
5747.50 120.25 8
5808.00 123.93 7
5868.50 129.64 7
5929.00 133.93 7
5989.50 128.25 8
6050.00 125.43 7
6110.50 132.50 7
6171.00 131.62 8
6231.50 129.86 7
6292.00 126.12 8
6352.50 128.86 7
6413.00 130.21 7
6473.50 130.50 8
6534.00 129.86 7
6594.50 132.12 8
6655.00 131.29 7
6715.50 134.43 7
6776.00 142.14 7
6836.50 140.21 7
6897.00 131.93 7
6957.50 128.71 7
7018.00 128.12 8
7078.50 131.71 7
7139.00 133.71 7
7199.50 138.29 7
7260.00 136.44 8
7320.50 134.42 6
7381.00 140.36 7
7441.50 137.43 7
7502.00 134.33 6
7562.50 132.21 7
7623.00 134.75 6
7683.50 132.60 5
7744.00 106.70 5
7804.50 83.10 5
7865.00 60.90 5
7925.50 64.60 5
7986.00 74.00 5
8046.50 83.00 5
8107.00 90.90 5
8167.50 96.08 6
8228.00 100.92 6
8288.50 110.58 6
8349.00 114.62 8
8409.50 111.69 8
8470.00 113.14 7
8530.50 114.36 7
8591.00 117.78 9
8651.50 122.64 7
8712.00 130.00 7
8772.50 136.92 6
8833.00 129.81 8
8893.50 122.21 7
8954.00 128.07 7
9014.50 133.43 7
9075.00 124.25 8
9135.50 123.93 7
9196.00 134.50 7
9256.50 138.57 7
9317.00 130.21 7
9377.50 126.33 6
9438.00 134.64 7
9498.50 135.86 7
9559.00 131.00 8
9619.50 131.07 7
9680.00 134.57 7
9740.50 132.93 7
9801.00 133.75 6
9861.50 131.86 7
9922.00 131.62 8
9982.50 126.62 8
10043.00 128.79 7
10103.50 133.50 7
10164.00 133.94 8
10224.50 135.07 7
10285.00 135.50 8
10345.50 137.21 7
10406.00 134.75 8
10466.50 128.75 8
10527.00 127.06 8
10587.50 126.07 7
10648.00 128.69 8
10708.50 128.57 7
10769.00 128.81 8
10829.50 131.79 7
10890.00 135.21 7
10950.50 142.33 6
11011.00 145.70 5
11071.50 139.17 6
11132.00 136.60 5
11192.50 129.67 6
11253.00 116.86 7
11313.50 121.14 7
11374.00 125.93 7
11434.50 131.64 7
11495.00 138.58 6
11555.50 137.71 7
11616.00 137.58 6
11676.50 138.50 7
11737.00 138.00 6
11797.50 136.71 7
11858.00 137.08 6
11918.50 132.30 5
11979.00 131.00 5
12039.50 130.60 5
12100.00 120.07 7
12160.50 112.00 7
12221.00 119.43 7
12281.50 127.14 7
12342.00 133.14 7
12402.50 132.57 7
12463.00 140.00 7
12523.50 138.71 7
12584.00 138.67 6
12644.50 135.57 7
12705.00 135.33 6
12765.50 137.75 6
12826.00 137.67 6
12886.50 137.50 6
12947.00 136.29 7
13007.50 128.14 7
13068.00 123.00 6
13128.50 127.21 7
13189.00 129.93 7
13249.50 131.50 7
13310.00 132.57 7
13370.50 134.00 7
13431.00 137.71 7
13491.50 140.00 6
13552.00 135.31 8
13612.50 131.42 6
13673.00 133.07 7
13733.50 137.00 6
13794.00 134.79 7
13854.50 132.79 7
13915.00 125.07 7
13975.50 123.36 7
14036.00 133.00 7
14096.50 142.71 7
14157.00 142.14 7
14217.50 134.50 6
14278.00 125.79 7
14338.50 126.71 7
14399.00 128.31 8
14459.50 131.14 7
14520.00 131.00 8
14580.50 128.81 8
14641.00 130.38 8
14701.50 130.93 7
14762.00 133.19 8
14822.50 135.86 7
14883.00 135.21 7
14943.50 135.07 7
15004.00 135.86 7
15064.50 136.17 6
15125.00 137.33 6
15185.50 139.50 6
15246.00 142.40 5
15306.50 139.90 5
15367.00 135.08 6
15427.50 121.43 7
15488.00 120.00 7
15548.50 123.86 7
15609.00 127.79 7
15669.50 132.07 7
15730.00 131.29 7
15790.50 132.29 7
15851.00 137.79 7
15911.50 132.19 8
15972.00 128.86 7
16032.50 139.75 6
16093.00 150.08 6
16153.50 148.60 5
16214.00 143.58 6
16274.50 137.83 6
16335.00 126.92 6
16395.50 126.83 6
16456.00 127.50 7
16516.50 127.36 7
16577.00 128.92 6
16637.50 135.42 6
16698.00 127.70 5
16758.50 106.80 5
16819.00 90.70 5
16879.50 80.40 5
16940.00 72.25 4
17000.50 65.38 4
17061.00 61.38 4
17121.50 60.00 4
17182.00 63.50 3
17242.50 84.70 5
17303.00 103.08 6
17363.50 112.21 7
17424.00 118.71 7
17484.50 125.33 6
17545.00 132.00 6
17605.50 136.38 8
17666.00 133.14 7
17726.50 130.33 6
17787.00 132.93 7
17847.50 134.33 6
17908.00 129.00 6
17968.50 124.25 6
18029.00 123.17 6
18089.50 124.60 5
18150.00 129.90 5
18210.50 129.40 5
18271.00 132.00 5
18331.50 132.00 5
18392.00 121.00 7
18452.50 111.00 7
18513.00 128.33 6
18573.50 130.21 7
18634.00 128.07 7
18694.50 129.56 8
18755.00 130.50 8
18815.50 132.57 7
18876.00 137.14 7
18936.50 137.14 7
18997.00 138.42 6
19057.50 140.00 6
19118.00 129.14 7
19178.50 129.43 7
19239.00 132.25 6
19299.50 135.33 6
19360.00 143.33 6
19420.50 131.10 5
19481.00 110.30 5
19541.50 92.40 5
19602.00 78.00 5
19662.50 76.70 5
19723.00 80.00 5
19783.50 79.38 4
19844.00 78.40 5
19904.50 79.00 5
19965.00 93.90 5
20025.50 110.00 6
20086.00 118.00 6
20146.50 121.86 7
20207.00 124.86 7
20267.50 129.14 7
20328.00 130.00 6
20388.50 131.71 7
20449.00 132.42 6
20509.50 130.12 8
20570.00 129.21 7
20630.50 130.57 7
20691.00 134.79 7
20751.50 136.93 7
20812.00 136.14 7
20872.50 132.21 7
20933.00 136.00 7
20993.50 129.83 6
21054.00 133.71 7
21114.50 134.86 7
21175.00 131.36 7
21235.50 132.71 7
21296.00 136.64 7
21356.50 133.56 8
21417.00 135.64 7
21477.50 136.92 6
21538.00 139.06 8
21598.50 135.83 6
