60.50 9.80 5
121.00 13.92 6
181.50 12.17 6
242.00 11.10 5
302.50 8.93 7
363.00 7.60 5
423.50 7.50 5
484.00 7.20 5
544.50 7.60 5
605.00 8.60 5
665.50 7.33 6
726.00 8.60 5
786.50 13.30 5
847.00 8.75 6
907.50 9.25 6
968.00 9.06 8
1028.50 8.88 8
1089.00 9.00 8
1149.50 9.06 8
1210.00 9.50 8
1270.50 8.42 6
1331.00 11.42 6
1391.50 11.17 6
1452.00 12.92 6
1512.50 11.83 6
1573.00 12.08 6
1633.50 19.92 6
1694.00 30.50 5
1754.50 43.90 5
1815.00 64.00 4
1875.50 88.70 5
1936.00 103.25 6
1996.50 113.50 7
2057.00 121.93 7
2117.50 129.21 7
2178.00 138.75 6
2238.50 146.83 6
2299.00 152.42 6
2359.50 143.07 7
2420.00 130.36 7
2480.50 129.64 7
2541.00 131.75 8
2601.50 136.00 7
2662.00 138.94 8
2722.50 139.57 7
2783.00 144.29 7
2843.50 148.25 6
2904.00 147.14 7
2964.50 143.07 7
3025.00 132.93 7
3085.50 136.93 7
3146.00 142.71 7
3206.50 142.64 7
3267.00 144.92 6
3327.50 147.79 7
3388.00 137.19 8
3448.50 123.36 7
3509.00 129.64 7
3569.50 131.00 7
3630.00 131.57 7
3690.50 130.12 8
3751.00 129.50 7
3811.50 135.29 7
3872.00 141.79 7
3932.50 141.43 7
3993.00 137.00 7
4053.50 137.50 7
4114.00 133.00 7
4174.50 135.21 7
4235.00 129.88 8
4295.50 136.25 6
4356.00 138.36 7
4416.50 131.93 7
4477.00 124.50 7
4537.50 135.79 7
4598.00 138.06 8
4658.50 125.21 7
4719.00 122.38 8
4779.50 126.21 7
4840.00 138.29 7
4900.50 139.21 7
4961.00 135.79 7
5021.50 132.86 7
5082.00 134.71 7
5142.50 135.00 7
5203.00 143.14 7
5263.50 139.29 7
5324.00 143.00 7
5384.50 138.75 8
5445.00 137.14 7
5505.50 132.38 8
5566.00 132.21 7
5626.50 132.50 8
5687.00 128.19 8
5747.50 126.36 7
5808.00 128.81 8
5868.50 132.25 8
5929.00 134.00 8
5989.50 134.71 7
6050.00 136.62 8
6110.50 136.07 7
6171.00 139.00 7
6231.50 143.07 7
6292.00 134.93 7
6352.50 131.21 7
6413.00 136.07 7
6473.50 144.21 7
6534.00 141.86 7
6594.50 138.79 7
6655.00 137.00 7
6715.50 135.93 7
6776.00 138.12 8
6836.50 139.75 6
6897.00 147.07 7
6957.50 150.00 6
7018.00 142.86 7
7078.50 135.21 7
7139.00 139.57 7
7199.50 139.43 7
7260.00 139.93 7
7320.50 139.86 7
7381.00 144.75 6
7441.50 142.71 7
7502.00 139.29 7
7562.50 136.14 7
7623.00 136.50 5
7683.50 134.42 6
7744.00 106.10 5
7804.50 83.00 5
7865.00 62.90 5
7925.50 63.50 5
7986.00 74.50 5
8046.50 82.90 5
8107.00 90.90 5
8167.50 96.58 6
8228.00 101.67 6
8288.50 111.33 6
8349.00 116.36 7
8409.50 115.19 8
8470.00 115.69 8
8530.50 116.50 7
8591.00 118.11 9
8651.50 122.21 7
8712.00 130.38 8
8772.50 140.42 6
8833.00 141.43 7
8893.50 142.36 7
8954.00 143.08 6
9014.50 130.56 8
9075.00 123.57 7
9135.50 130.94 8
9196.00 139.21 7
9256.50 137.06 8
9317.00 134.14 7
9377.50 141.43 7
9438.00 147.43 7
9498.50 146.86 7
9559.00 148.14 7
9619.50 144.93 7
9680.00 135.29 7
9740.50 131.21 7
9801.00 137.79 7
9861.50 146.14 7
9922.00 142.56 8
9982.50 136.56 8
10043.00 141.33 6
10103.50 147.43 7
10164.00 139.93 7
10224.50 131.93 7
10285.00 133.50 7
10345.50 135.06 8
10406.00 136.86 7
10466.50 139.43 7
10527.00 141.62 8
10587.50 133.79 7
10648.00 132.43 7
10708.50 131.88 8
10769.00 137.50 6
10829.50 138.25 8
10890.00 133.75 6
10950.50 140.92 6
11011.00 149.08 6
11071.50 142.50 6
11132.00 137.60 5
11192.50 129.83 6
11253.00 117.07 7
11313.50 122.36 7
11374.00 126.86 7
11434.50 131.07 7
11495.00 135.14 7
11555.50 140.21 7
11616.00 141.33 6
11676.50 140.21 7
11737.00 138.00 6
11797.50 136.86 7
11858.00 137.50 6
11918.50 134.90 5
11979.00 133.70 5
12039.50 133.60 5
12100.00 122.64 7
12160.50 112.58 6
12221.00 121.50 7
12281.50 131.36 7
12342.00 136.07 7
12402.50 133.29 7
12463.00 142.57 7
12523.50 144.75 6
12584.00 142.07 7
12644.50 138.50 7
12705.00 138.00 6
12765.50 139.67 6
12826.00 141.58 6
12886.50 141.58 6
12947.00 141.25 6
13007.50 131.06 8
13068.00 123.58 6
13128.50 127.07 7
13189.00 131.21 7
13249.50 132.50 7
13310.00 133.36 7
13370.50 134.07 7
13431.00 136.21 7
13491.50 140.36 7
13552.00 145.07 7
13612.50 146.07 7
13673.00 140.50 6
13733.50 137.36 7
13794.00 137.50 7
13854.50 134.21 7
13915.00 126.86 7
13975.50 129.58 6
14036.00 143.25 6
14096.50 143.21 7
14157.00 135.75 8
14217.50 131.50 7
14278.00 136.50 7
14338.50 138.75 8
14399.00 136.50 8
14459.50 139.57 7
14520.00 142.29 7
14580.50 140.36 7
14641.00 140.00 7
14701.50 141.00 7
14762.00 140.50 8
14822.50 136.93 7
14883.00 139.57 7
14943.50 141.07 7
15004.00 137.33 6
15064.50 137.36 7
15125.00 141.25 6
15185.50 146.67 6
15246.00 145.50 5
15306.50 140.90 5
15367.00 135.83 6
15427.50 123.29 7
15488.00 120.83 6
15548.50 125.86 7
15609.00 134.00 7
15669.50 140.14 7
15730.00 134.79 7
15790.50 134.43 7
15851.00 140.29 7
15911.50 138.71 7
15972.00 135.21 7
16032.50 143.00 7
16093.00 152.75 6
16153.50 150.67 6
16214.00 144.90 5
16274.50 138.92 6
16335.00 128.92 6
16395.50 128.00 6
16456.00 129.00 7
16516.50 128.79 7
16577.00 129.67 6
16637.50 135.83 6
16698.00 127.90 5
16758.50 105.08 6
16819.00 89.62 4
16879.50 80.60 5
16940.00 71.38 4
17000.50 66.25 4
17061.00 64.75 4
17121.50 67.17 3
17182.00 70.25 4
17242.50 90.30 5
17303.00 106.08 6
17363.50 114.71 7
17424.00 119.92 6
17484.50 127.50 7
17545.00 134.36 7
17605.50 137.50 6
17666.00 138.93 7
17726.50 139.75 6
17787.00 139.43 7
17847.50 134.08 6
17908.00 128.67 6
17968.50 124.17 6
18029.00 124.33 6
18089.50 128.20 5
18150.00 132.50 5
18210.50 133.70 5
18271.00 134.70 5
18331.50 133.30 5
18392.00 121.43 7
18452.50 111.75 6
18513.00 130.64 7
18573.50 135.29 7
18634.00 132.64 7
18694.50 140.50 7
18755.00 137.71 7
18815.50 137.19 8
18876.00 142.43 7
18936.50 145.50 7
18997.00 142.71 7
19057.50 141.43 7
19118.00 138.00 7
19178.50 137.79 7
19239.00 137.07 7
19299.50 138.42 6
19360.00 144.08 6
19420.50 130.30 5
19481.00 110.40 5
19541.50 93.20 5
19602.00 79.50 5
19662.50 77.70 5
19723.00 78.50 5
19783.50 78.00 4
19844.00 79.30 5
19904.50 79.50 5
19965.00 96.40 5
20025.50 109.83 6
20086.00 118.42 6
20146.50 122.14 7
20207.00 126.36 7
20267.50 129.50 6
20328.00 131.00 7
20388.50 130.64 7
20449.00 132.00 6
20509.50 130.50 8
20570.00 129.36 7
20630.50 132.57 7
20691.00 137.29 7
20751.50 136.93 7
20812.00 132.50 8
20872.50 131.36 7
20933.00 140.57 7
20993.50 147.93 7
21054.00 148.64 7
21114.50 146.21 7
21175.00 144.64 7
21235.50 146.21 7
21296.00 147.64 7
21356.50 146.36 7
21417.00 144.07 7
21477.50 141.43 7
21538.00 143.21 7
21598.50 141.36 7
