60.50 13.30 5
121.00 11.00 8
181.50 11.79 7
242.00 10.14 7
302.50 8.64 7
363.00 9.58 6
423.50 10.25 6
484.00 8.58 6
544.50 8.71 7
605.00 8.75 6
665.50 8.38 8
726.00 8.33 9
786.50 8.94 8
847.00 8.94 9
907.50 8.89 9
968.00 8.50 7
1028.50 8.50 8
1089.00 8.50 7
1149.50 9.19 8
1210.00 9.14 7
1270.50 9.69 8
1331.00 9.44 8
1391.50 9.64 7
1452.00 10.12 8
1512.50 10.57 7
1573.00 11.25 6
1633.50 11.33 6
1694.00 24.30 5
1754.50 46.50 4
1815.00 68.62 4
1875.50 88.12 4
1936.00 96.57 7
1996.50 111.57 7
2057.00 127.07 7
2117.50 133.93 7
2178.00 137.36 7
2238.50 128.43 7
2299.00 126.75 8
2359.50 126.62 8
2420.00 125.25 8
2480.50 128.07 7
2541.00 132.12 8
2601.50 135.64 7
2662.00 131.88 8
2722.50 129.69 8
2783.00 130.29 7
2843.50 134.86 7
2904.00 138.71 7
2964.50 138.31 8
3025.00 127.94 8
3085.50 129.71 7
3146.00 134.00 8
3206.50 133.14 7
3267.00 138.57 7
3327.50 144.25 6
3388.00 135.25 8
3448.50 117.86 7
3509.00 123.29 7
3569.50 121.94 8
3630.00 126.07 7
3690.50 124.56 8
3751.00 131.75 8
3811.50 133.36 7
3872.00 131.88 8
3932.50 129.79 7
3993.00 131.31 8
4053.50 134.50 7
4114.00 126.75 8
4174.50 121.50 8
4235.00 119.25 8
4295.50 123.75 8
4356.00 125.88 8
4416.50 126.62 8
4477.00 129.93 7
4537.50 136.00 8
4598.00 131.61 9
4658.50 120.25 8
4719.00 120.50 8
4779.50 127.94 8
4840.00 128.12 8
4900.50 126.93 7
4961.00 125.38 8
5021.50 128.50 7
5082.00 137.71 7
5142.50 143.92 6
5203.00 134.31 8
5263.50 126.79 7
5324.00 130.00 8
5384.50 129.81 8
5445.00 127.12 8
5505.50 126.07 7
5566.00 126.93 7
5626.50 127.75 8
5687.00 119.36 7
5747.50 121.00 7
5808.00 126.00 7
5868.50 122.44 8
5929.00 123.75 8
5989.50 126.75 8
6050.00 129.29 7
6110.50 136.50 7
6171.00 133.79 7
6231.50 128.31 8
6292.00 122.88 8
6352.50 124.79 7
6413.00 133.44 8
6473.50 132.44 8
6534.00 133.29 7
6594.50 135.57 7
6655.00 132.57 7
6715.50 130.81 8
6776.00 133.64 7
6836.50 133.12 8
6897.00 129.93 7
6957.50 133.12 8
7018.00 132.71 7
7078.50 138.14 7
7139.00 138.93 7
7199.50 136.14 7
7260.00 132.06 8
7320.50 133.00 7
7381.00 133.62 8
7441.50 132.57 7
7502.00 131.44 8
7562.50 128.81 8
7623.00 130.19 8
7683.50 113.50 10
7744.00 94.65 10
7804.50 81.62 12
7865.00 72.33 9
7925.50 74.57 7
7986.00 78.17 6
8046.50 85.33 6
8107.00 92.67 6
8167.50 97.42 6
8228.00 101.43 7
8288.50 114.64 7
8349.00 123.50 7
8409.50 114.56 9
8470.00 111.56 8
8530.50 121.86 7
8591.00 124.56 8
8651.50 117.06 8
8712.00 118.56 8
8772.50 129.14 7
8833.00 131.14 7
8893.50 137.64 7
8954.00 137.57 7
9014.50 130.71 7
9075.00 122.00 8
9135.50 123.64 7
9196.00 124.38 8
9256.50 127.81 8
9317.00 128.62 8
9377.50 132.56 8
9438.00 138.58 6
9498.50 142.29 7
9559.00 139.62 8
9619.50 130.57 7
9680.00 132.64 7
9740.50 134.86 7
9801.00 132.00 7
9861.50 131.00 7
9922.00 130.44 8
9982.50 128.06 8
10043.00 133.43 7
10103.50 139.75 6
10164.00 136.57 7
10224.50 133.93 7
10285.00 128.36 7
10345.50 121.07 7
10406.00 123.31 8
10466.50 126.38 8
10527.00 126.69 8
10587.50 127.29 7
10648.00 136.07 7
10708.50 135.93 7
10769.00 133.17 6
10829.50 131.79 7
10890.00 129.83 6
10950.50 128.29 7
11011.00 128.00 7
11071.50 129.42 6
11132.00 130.79 7
11192.50 132.58 6
11253.00 132.36 7
11313.50 132.64 7
11374.00 132.92 6
11434.50 134.36 7
11495.00 135.67 6
11555.50 140.00 6
11616.00 140.83 6
11676.50 139.58 6
11737.00 137.08 6
11797.50 131.17 6
11858.00 125.58 6
11918.50 124.60 5
11979.00 127.50 6
12039.50 128.80 5
12100.00 132.00 6
12160.50 137.20 5
12221.00 134.50 5
12281.50 131.88 4
12342.00 132.40 5
12402.50 128.88 4
12463.00 125.90 5
12523.50 126.75 6
12584.00 126.70 5
12644.50 127.00 5
12705.00 126.08 6
12765.50 127.10 5
12826.00 129.50 5
12886.50 131.42 6
12947.00 133.67 6
13007.50 124.93 7
13068.00 119.75 6
13128.50 124.42 6
13189.00 127.64 7
13249.50 128.58 6
13310.00 127.00 8
13370.50 125.36 7
13431.00 128.71 7
13491.50 131.29 7
13552.00 129.88 8
13612.50 130.29 7
13673.00 137.50 7
13733.50 140.86 7
13794.00 134.79 7
13854.50 128.50 8
13915.00 132.71 7
13975.50 138.92 6
14036.00 138.64 7
14096.50 137.58 6
14157.00 134.43 7
14217.50 137.90 5
14278.00 143.25 6
14338.50 138.90 5
14399.00 136.00 5
14459.50 131.25 6
14520.00 110.79 7
14580.50 110.69 8
14641.00 121.25 8
14701.50 130.29 7
14762.00 138.50 7
14822.50 137.50 7
14883.00 132.92 6
14943.50 133.71 7
15004.00 132.86 7
15064.50 127.86 7
15125.00 120.14 7
15185.50 130.00 7
15246.00 140.07 7
15306.50 136.64 7
15367.00 134.36 7
15427.50 139.57 7
15488.00 136.19 8
15548.50 127.50 8
15609.00 126.88 8
15669.50 134.07 7
15730.00 137.14 7
15790.50 140.36 7
15851.00 138.50 6
15911.50 134.83 6
15972.00 134.17 6
16032.50 137.33 6
16093.00 141.00 5
16153.50 139.10 5
16214.00 137.60 5
16274.50 131.57 7
16335.00 116.92 6
16395.50 119.75 8
16456.00 122.43 7
16516.50 126.50 8
16577.00 130.29 7
16637.50 129.78 9
16698.00 108.44 9
16758.50 95.44 9
16819.00 90.50 10
16879.50 84.72 9
16940.00 77.95 10
17000.50 71.89 9
17061.00 68.33 9
17121.50 68.72 9
17182.00 78.17 6
17242.50 96.71 7
17303.00 115.93 7
17363.50 127.69 8
17424.00 126.57 7
17484.50 136.00 6
17545.00 142.69 8
17605.50 144.21 7
17666.00 140.07 7
17726.50 143.21 7
17787.00 134.07 7
17847.50 122.62 8
17908.00 121.88 8
17968.50 125.36 7
18029.00 122.64 7
18089.50 128.71 7
18150.00 131.07 7
18210.50 130.07 7
18271.00 129.79 7
18331.50 133.14 7
18392.00 132.06 8
18452.50 130.17 6
18513.00 136.00 6
18573.50 136.50 7
18634.00 135.00 6
18694.50 127.21 7
18755.00 119.00 8
18815.50 129.86 7
18876.00 140.33 6
18936.50 141.07 7
18997.00 131.71 7
19057.50 130.07 7
19118.00 131.19 8
19178.50 129.07 7
19239.00 128.50 8
19299.50 137.14 7
19360.00 148.50 6
19420.50 134.90 5
19481.00 110.83 6
19541.50 91.00 5
19602.00 77.12 4
19662.50 76.30 5
19723.00 75.40 5
19783.50 75.60 5
19844.00 75.70 5
19904.50 80.38 4
19965.00 95.75 4
20025.50 109.60 5
20086.00 118.75 6
20146.50 121.33 6
20207.00 121.17 6
20267.50 121.58 6
20328.00 125.21 7
20388.50 126.00 6
20449.00 127.00 7
20509.50 127.43 7
20570.00 128.42 6
20630.50 131.56 8
20691.00 128.86 7
20751.50 130.21 7
20812.00 123.31 8
20872.50 123.44 8
20933.00 128.21 7
20993.50 136.38 8
21054.00 140.21 7
21114.50 139.57 7
21175.00 138.08 6
21235.50 134.21 7
21296.00 135.25 8
21356.50 131.07 7
21417.00 132.71 7
21477.50 138.50 7
21538.00 146.75 6
21598.50 134.69 8
