60.50 15.00 4
121.00 14.58 6
181.50 10.07 7
242.00 9.00 6
302.50 8.92 6
363.00 9.60 5
423.50 7.70 5
484.00 8.90 5
544.50 9.80 5
605.00 8.00 5
665.50 9.75 6
726.00 11.90 5
786.50 10.00 5
847.00 10.50 6
907.50 9.17 6
968.00 8.69 8
1028.50 9.25 8
1089.00 9.38 8
1149.50 8.75 8
1210.00 10.06 8
1270.50 13.33 6
1331.00 12.08 6
1391.50 10.92 6
1452.00 14.40 5
1512.50 21.50 5
1573.00 28.58 6
1633.50 30.43 7
1694.00 36.75 6
1754.50 52.50 4
1815.00 70.50 4
1875.50 93.00 5
1936.00 105.21 7
1996.50 115.79 7
2057.00 122.00 7
2117.50 125.62 8
2178.00 123.50 8
2238.50 127.21 7
2299.00 129.00 8
2359.50 131.00 7
2420.00 132.12 8
2480.50 131.43 7
2541.00 123.19 8
2601.50 127.19 8
2662.00 132.43 7
2722.50 133.07 7
2783.00 125.81 8
2843.50 -nan 0
2904.00 203.20 5
2964.50 210.29 7
3025.00 218.64 7
3085.50 145.12 8
3146.00 124.50 7
3206.50 123.71 7
3267.00 123.31 8
3327.50 118.12 8
3388.00 120.56 8
3448.50 124.93 7
3509.00 125.43 7
3569.50 124.57 7
3630.00 125.57 7
3690.50 123.86 7
3751.00 124.44 8
3811.50 127.57 7
3872.00 134.71 7
3932.50 135.93 7
3993.00 126.57 7
4053.50 119.81 8
4114.00 116.12 8
4174.50 123.64 7
4235.00 121.67 9
4295.50 119.36 7
4356.00 123.36 7
4416.50 131.25 8
4477.00 125.31 8
4537.50 130.64 7
4598.00 136.36 7
4658.50 130.44 8
4719.00 125.71 7
4779.50 123.64 7
4840.00 123.75 8
4900.50 119.44 8
4961.00 124.56 8
5021.50 128.50 8
5082.00 126.00 8
5142.50 129.50 7
5203.00 136.75 6
5263.50 130.69 8
5324.00 121.75 8
5384.50 116.25 6
5445.00 147.00 7
5505.50 145.06 8
5566.00 127.79 7
5626.50 115.20 10
5687.00 118.79 7
5747.50 122.69 8
5808.00 122.06 8
5868.50 122.00 8
5929.00 132.36 7
5989.50 132.44 8
6050.00 122.88 8
6110.50 118.56 8
6171.00 123.12 8
6231.50 124.75 8
6292.00 121.62 8
6352.50 124.71 7
6413.00 131.38 8
6473.50 137.86 7
6534.00 130.86 7
6594.50 126.07 7
6655.00 125.94 8
6715.50 133.50 7
6776.00 134.44 8
6836.50 133.86 7
6897.00 132.50 7
6957.50 135.57 7
7018.00 142.58 6
7078.50 139.00 7
7139.00 139.14 7
7199.50 132.93 7
7260.00 132.00 7
7320.50 132.36 7
7381.00 136.08 6
7441.50 137.71 7
7502.00 135.42 6
7562.50 133.00 7
7623.00 135.08 6
7683.50 132.30 5
7744.00 107.40 5
7804.50 82.90 5
7865.00 62.62 4
7925.50 63.33 6
7986.00 73.90 5
8046.50 82.80 5
8107.00 90.50 5
8167.50 96.58 6
8228.00 100.67 6
8288.50 110.50 6
8349.00 114.56 8
8409.50 112.56 8
8470.00 113.36 7
8530.50 115.21 7
8591.00 117.72 9
8651.50 121.38 8
8712.00 123.00 7
8772.50 129.88 8
8833.00 135.07 7
8893.50 134.07 7
8954.00 130.62 8
9014.50 127.00 8
9075.00 126.44 8
9135.50 128.29 7
9196.00 134.56 8
9256.50 136.21 7
9317.00 130.79 7
9377.50 126.71 7
9438.00 130.29 7
9498.50 133.29 7
9559.00 131.81 8
9619.50 129.62 8
9680.00 133.07 7
9740.50 137.00 7
9801.00 134.38 8
9861.50 136.57 7
9922.00 141.00 7
9982.50 135.64 7
10043.00 130.00 7
10103.50 135.79 7
10164.00 134.29 7
10224.50 136.93 7
10285.00 132.79 7
10345.50 133.86 7
10406.00 127.69 8
10466.50 128.50 8
10527.00 128.00 8
10587.50 132.71 7
10648.00 128.86 7
10708.50 130.44 8
10769.00 130.93 7
10829.50 131.94 8
10890.00 136.75 6
10950.50 140.67 6
11011.00 144.00 6
11071.50 138.30 5
11132.00 136.70 5
11192.50 129.67 6
11253.00 117.71 7
11313.50 121.71 7
11374.00 128.57 7
11434.50 134.50 6
11495.00 131.29 7
11555.50 138.36 7
11616.00 139.75 6
11676.50 137.79 7
11737.00 135.43 7
11797.50 135.60 5
11858.00 139.33 6
11918.50 137.00 6
11979.00 133.50 5
12039.50 132.10 5
12100.00 120.57 7
12160.50 111.42 6
12221.00 119.38 8
12281.50 128.14 7
12342.00 139.25 6
12402.50 137.00 6
12463.00 135.71 7
12523.50 133.50 6
12584.00 133.07 7
12644.50 131.17 6
12705.00 132.92 6
12765.50 136.58 6
12826.00 137.83 6
12886.50 137.42 6
12947.00 137.00 7
13007.50 128.00 7
13068.00 122.93 7
13128.50 127.00 6
13189.00 129.43 7
13249.50 130.21 7
13310.00 130.93 7
13370.50 130.44 8
13431.00 133.50 7
13491.50 138.86 7
13552.00 138.43 7
13612.50 140.75 6
13673.00 137.92 6
13733.50 132.79 7
13794.00 133.33 6
13854.50 132.93 7
13915.00 126.43 7
13975.50 127.57 7
14036.00 139.36 7
14096.50 139.71 7
14157.00 133.93 7
14217.50 134.21 7
14278.00 131.50 7
14338.50 132.00 7
14399.00 126.56 8
14459.50 129.79 7
14520.00 128.88 8
14580.50 126.67 6
14641.00 143.21 7
14701.50 150.50 7
14762.00 143.64 7
14822.50 129.36 7
14883.00 130.71 7
14943.50 135.64 7
15004.00 132.93 7
15064.50 134.50 6
15125.00 137.92 6
15185.50 144.42 6
15246.00 142.90 5
15306.50 141.20 5
15367.00 135.58 6
15427.50 121.07 7
15488.00 119.21 7
15548.50 123.25 6
15609.00 127.81 8
15669.50 129.86 7
15730.00 131.79 7
15790.50 138.57 7
15851.00 135.19 8
15911.50 134.93 7
15972.00 135.42 6
16032.50 142.86 7
16093.00 150.10 5
16153.50 145.75 6
16214.00 140.40 5
16274.50 135.75 6
16335.00 125.42 6
16395.50 125.83 6
16456.00 126.43 7
16516.50 127.21 7
16577.00 129.33 6
16637.50 135.17 6
16698.00 127.60 5
16758.50 107.10 5
16819.00 91.30 5
16879.50 80.10 5
16940.00 71.38 4
17000.50 65.75 4
17061.00 60.50 4
17121.50 60.50 4
17182.00 63.83 3
17242.50 84.70 5
17303.00 103.33 6
17363.50 112.21 7
17424.00 117.79 7
17484.50 125.08 6
17545.00 132.21 7
17605.50 135.07 7
17666.00 134.21 7
17726.50 132.08 6
17787.00 132.64 7
17847.50 134.67 6
17908.00 129.21 7
17968.50 124.20 5
18029.00 123.58 6
18089.50 125.30 5
18150.00 130.50 5
18210.50 131.10 5
18271.00 131.90 5
18331.50 131.50 5
18392.00 121.21 7
18452.50 108.86 7
18513.00 125.14 7
18573.50 137.00 7
18634.00 134.14 7
18694.50 132.93 7
18755.00 128.69 8
18815.50 130.88 8
18876.00 129.93 7
18936.50 136.81 8
18997.00 141.29 7
19057.50 142.50 6
19118.00 136.06 8
19178.50 135.00 6
19239.00 135.07 7
19299.50 137.25 6
19360.00 144.50 6
19420.50 131.00 5
19481.00 110.50 5
19541.50 92.90 5
19602.00 78.60 5
19662.50 78.50 5
19723.00 78.70 5
19783.50 78.50 4
19844.00 78.80 5
19904.50 79.90 5
19965.00 94.90 5
20025.50 109.50 6
20086.00 117.33 6
20146.50 121.79 7
20207.00 124.21 7
20267.50 128.43 7
20328.00 130.42 6
20388.50 131.50 7
20449.00 132.50 6
20509.50 131.36 7
20570.00 130.94 8
20630.50 131.07 7
20691.00 130.86 7
20751.50 134.44 8
20812.00 137.21 7
20872.50 134.29 7
20933.00 130.21 7
20993.50 131.94 8
21054.00 135.00 7
21114.50 134.75 8
21175.00 138.08 6
21235.50 142.81 8
21296.00 136.43 7
21356.50 130.79 7
21417.00 134.81 8
21477.50 142.50 7
21538.00 141.29 7
21598.50 136.43 7
