60.50 9.60 5
121.00 16.90 5
181.50 10.00 7
242.00 9.92 6
302.50 8.92 6
363.00 11.00 5
423.50 10.10 5
484.00 8.80 5
544.50 6.50 5
605.00 7.30 5
665.50 8.17 6
726.00 8.50 5
786.50 10.00 6
847.00 8.40 5
907.50 8.25 6
968.00 8.62 8
1028.50 8.81 8
1089.00 9.00 8
1149.50 8.88 8
1210.00 9.62 8
1270.50 12.92 6
1331.00 9.58 6
1391.50 13.00 6
1452.00 11.20 5
1512.50 12.57 7
1573.00 14.75 6
1633.50 19.33 6
1694.00 29.00 5
1754.50 43.40 5
1815.00 63.88 4
1875.50 87.00 5
1936.00 101.25 6
1996.50 112.86 7
2057.00 121.00 7
2117.50 124.88 8
2178.00 130.14 7
2238.50 133.71 7
2299.00 137.31 8
2359.50 139.50 7
2420.00 138.86 7
2480.50 129.86 7
2541.00 129.50 8
2601.50 131.14 7
2662.00 130.88 8
2722.50 126.88 8
2783.00 132.43 7
2843.50 142.50 7
2904.00 148.92 6
2964.50 135.06 8
3025.00 119.07 7
3085.50 129.43 7
3146.00 139.43 7
3206.50 136.71 7
3267.00 128.64 7
3327.50 127.38 8
3388.00 123.62 8
3448.50 122.93 7
3509.00 129.43 7
3569.50 127.88 8
3630.00 127.29 7
3690.50 126.00 7
3751.00 126.19 8
3811.50 129.29 7
3872.00 132.38 8
3932.50 130.25 8
3993.00 129.79 7
4053.50 135.64 7
4114.00 133.81 8
4174.50 127.57 7
4235.00 121.62 8
4295.50 122.19 8
4356.00 127.19 8
4416.50 126.12 8
4477.00 126.31 8
4537.50 129.62 8
4598.00 129.44 8
4658.50 124.12 8
4719.00 126.44 8
4779.50 129.69 8
4840.00 129.14 7
4900.50 128.00 7
4961.00 133.43 7
5021.50 130.29 7
5082.00 127.94 8
5142.50 130.92 6
5203.00 137.50 8
5263.50 132.43 7
5324.00 134.71 7
5384.50 138.93 7
5445.00 134.00 8
5505.50 117.12 8
5566.00 115.00 8
5626.50 121.94 9
5687.00 118.81 8
5747.50 123.94 8
5808.00 127.50 7
5868.50 127.69 8
5929.00 130.00 8
5989.50 133.93 7
6050.00 132.44 8
6110.50 131.21 7
6171.00 128.56 8
6231.50 127.94 8
6292.00 125.56 8
6352.50 125.44 8
6413.00 129.69 8
6473.50 131.69 8
6534.00 134.43 7
6594.50 138.29 7
6655.00 138.14 7
6715.50 130.93 7
6776.00 129.31 8
6836.50 130.14 7
6897.00 135.86 7
6957.50 138.79 7
7018.00 137.14 7
7078.50 132.69 8
7139.00 132.57 7
7199.50 134.21 7
7260.00 138.50 7
7320.50 141.00 7
7381.00 138.07 7
7441.50 138.36 7
7502.00 134.50 6
7562.50 132.57 7
7623.00 134.83 6
7683.50 131.80 5
7744.00 107.00 5
7804.50 82.60 5
7865.00 61.60 5
7925.50 63.10 5
7986.00 74.10 5
8046.50 82.90 5
8107.00 90.40 5
8167.50 96.17 6
8228.00 100.33 6
8288.50 110.17 6
8349.00 114.81 8
8409.50 112.38 8
8470.00 114.29 7
8530.50 115.43 7
8591.00 117.72 9
8651.50 122.00 8
8712.00 125.36 7
8772.50 130.36 7
8833.00 134.71 7
8893.50 128.69 8
8954.00 127.50 7
9014.50 135.86 7
9075.00 134.07 7
9135.50 124.56 8
9196.00 123.62 8
9256.50 125.25 8
9317.00 130.79 7
9377.50 131.43 7
9438.00 136.93 7
9498.50 141.50 7
9559.00 137.88 8
9619.50 130.36 7
9680.00 132.29 7
9740.50 134.06 8
9801.00 132.86 7
9861.50 137.86 7
9922.00 143.21 7
9982.50 132.07 7
10043.00 128.71 7
10103.50 129.36 7
10164.00 134.79 7
10224.50 137.21 7
10285.00 133.36 7
10345.50 129.25 8
10406.00 126.12 8
10466.50 126.88 8
10527.00 131.06 8
10587.50 130.71 7
10648.00 131.64 7
10708.50 133.75 8
10769.00 126.29 7
10829.50 129.93 7
10890.00 132.57 7
10950.50 138.50 6
11011.00 143.17 6
11071.50 138.20 5
11132.00 136.30 5
11192.50 128.83 6
11253.00 117.00 7
11313.50 120.93 7
11374.00 125.64 7
11434.50 129.29 7
11495.00 133.64 7
11555.50 139.50 7
11616.00 141.17 6
11676.50 139.79 7
11737.00 138.00 6
11797.50 136.50 7
11858.00 137.08 6
11918.50 133.30 5
11979.00 130.70 5
12039.50 131.00 5
12100.00 119.93 7
12160.50 112.00 7
12221.00 119.93 7
12281.50 125.00 7
12342.00 127.50 7
12402.50 135.43 7
12463.00 140.29 7
12523.50 139.93 7
12584.00 138.08 6
12644.50 135.71 7
12705.00 135.75 6
12765.50 137.58 6
12826.00 137.75 6
12886.50 137.75 6
12947.00 137.14 7
13007.50 127.86 7
13068.00 123.00 6
13128.50 127.00 7
13189.00 129.79 7
13249.50 131.43 7
13310.00 132.14 7
13370.50 129.71 7
13431.00 133.86 7
13491.50 139.50 8
13552.00 135.43 7
13612.50 135.25 6
13673.00 136.43 7
13733.50 135.79 7
13794.00 133.92 6
13854.50 132.14 7
13915.00 125.50 7
13975.50 123.44 8
14036.00 130.64 7
14096.50 134.50 7
14157.00 142.00 7
14217.50 138.50 7
14278.00 131.06 8
14338.50 129.50 7
14399.00 130.75 8
14459.50 130.64 7
14520.00 129.75 8
14580.50 129.81 8
14641.00 131.38 8
14701.50 129.62 8
14762.00 129.00 8
14822.50 132.64 7
14883.00 134.50 7
14943.50 135.43 7
15004.00 135.50 7
15064.50 134.25 6
15125.00 137.75 6
15185.50 144.08 6
15246.00 142.40 5
15306.50 139.40 5
15367.00 134.75 6
15427.50 121.29 7
15488.00 119.36 7
15548.50 123.64 7
15609.00 127.29 7
15669.50 129.57 7
15730.00 127.75 8
15790.50 132.43 7
15851.00 137.14 7
15911.50 139.79 7
15972.00 135.07 7
16032.50 142.42 6
16093.00 145.42 6
16153.50 141.60 5
16214.00 140.40 5
16274.50 135.08 6
16335.00 125.33 6
16395.50 125.42 6
16456.00 126.50 7
16516.50 127.36 7
16577.00 129.25 6
16637.50 135.42 6
16698.00 128.20 5
16758.50 106.80 5
16819.00 90.70 5
16879.50 79.90 5
16940.00 71.62 4
17000.50 65.38 4
17061.00 60.75 4
17121.50 60.00 4
17182.00 63.50 3
17242.50 85.20 5
17303.00 103.33 6
17363.50 112.36 7
17424.00 118.64 7
17484.50 125.17 6
17545.00 132.43 7
17605.50 135.75 6
17666.00 134.86 7
17726.50 132.14 7
17787.00 131.71 7
17847.50 134.58 6
17908.00 128.00 7
17968.50 122.90 5
18029.00 123.50 6
18089.50 125.10 5
18150.00 129.90 5
18210.50 129.40 5
18271.00 132.20 5
18331.50 132.10 5
18392.00 121.43 7
18452.50 111.50 7
18513.00 122.36 7
18573.50 125.64 7
18634.00 128.44 8
18694.50 130.93 7
18755.00 141.64 7
18815.50 139.79 7
18876.00 136.00 7
18936.50 128.00 8
18997.00 134.14 7
19057.50 135.29 7
19118.00 135.43 7
19178.50 134.83 6
19239.00 135.36 7
19299.50 138.25 6
19360.00 143.67 6
19420.50 130.70 5
19481.00 110.90 5
19541.50 92.20 5
19602.00 77.60 5
19662.50 77.50 5
19723.00 79.62 4
19783.50 78.60 5
19844.00 78.40 5
19904.50 79.40 5
19965.00 93.80 5
20025.50 109.83 6
20086.00 117.67 6
20146.50 121.79 7
20207.00 124.00 7
20267.50 128.29 7
20328.00 129.75 6
20388.50 130.50 7
20449.00 131.92 6
20509.50 130.14 7
20570.00 130.12 8
20630.50 128.86 7
20691.00 131.93 7
20751.50 138.86 7
20812.00 138.71 7
20872.50 124.36 7
20933.00 132.07 7
20993.50 135.50 7
21054.00 139.07 7
21114.50 131.06 8
21175.00 128.14 7
21235.50 130.38 8
21296.00 132.06 8
21356.50 138.00 7
21417.00 143.71 7
21477.50 140.58 6
21538.00 133.43 7
21598.50 134.19 8
