60.50 9.60 5
121.00 16.25 6
181.50 10.00 6
242.00 6.75 6
302.50 7.25 6
363.00 7.00 5
423.50 7.60 5
484.00 7.60 5
544.50 7.30 5
605.00 7.30 5
665.50 11.30 5
726.00 12.50 6
786.50 8.92 6
847.00 10.80 5
907.50 9.17 6
968.00 10.36 7
1028.50 11.25 8
1089.00 10.94 9
1149.50 11.25 8
1210.00 12.00 8
1270.50 11.20 5
1331.00 15.50 7
1391.50 13.00 6
1452.00 10.25 4
1512.50 20.12 8
1573.00 15.42 6
1633.50 23.75 6
1694.00 32.70 5
1754.50 45.70 5
1815.00 65.62 4
1875.50 89.30 5
1936.00 101.92 6
1996.50 113.07 7
2057.00 121.50 7
2117.50 125.14 7
2178.00 130.50 8
2238.50 137.00 7
2299.00 140.29 7
2359.50 130.36 7
2420.00 127.93 7
2480.50 126.25 8
2541.00 128.79 7
2601.50 131.06 8
2662.00 129.36 7
2722.50 129.29 7
2783.00 131.50 8
2843.50 139.08 6
2904.00 139.71 7
2964.50 138.50 8
3025.00 132.21 7
3085.50 137.36 7
3146.00 135.75 8
3206.50 130.14 7
3267.00 128.57 7
3327.50 134.62 8
3388.00 123.56 8
3448.50 118.19 8
3509.00 125.71 7
3569.50 129.07 7
3630.00 137.50 6
3690.50 125.94 8
3751.00 124.21 7
3811.50 125.50 8
3872.00 129.86 7
3932.50 130.50 8
3993.00 125.14 7
4053.50 127.88 8
4114.00 128.43 7
4174.50 124.06 8
4235.00 115.31 8
4295.50 117.50 8
4356.00 125.94 8
4416.50 133.07 7
4477.00 135.14 7
4537.50 136.50 8
4598.00 133.86 7
4658.50 125.56 8
4719.00 124.25 8
4779.50 114.86 7
4840.00 115.81 8
4900.50 122.12 8
4961.00 126.75 8
5021.50 128.56 8
5082.00 127.62 8
5142.50 127.75 8
5203.00 129.69 8
5263.50 133.00 7
5324.00 139.93 7
5384.50 143.71 7
5445.00 133.21 7
5505.50 116.44 8
5566.00 115.38 8
5626.50 117.50 9
5687.00 113.50 7
5747.50 118.33 9
5808.00 126.25 8
5868.50 127.50 7
5929.00 128.62 8
5989.50 127.88 8
6050.00 129.88 8
6110.50 129.86 7
6171.00 127.06 8
6231.50 123.06 8
6292.00 123.50 8
6352.50 127.79 7
6413.00 135.88 8
6473.50 142.08 6
6534.00 130.25 8
6594.50 128.50 7
6655.00 132.36 7
6715.50 133.81 8
6776.00 132.71 7
6836.50 139.00 7
6897.00 131.36 7
6957.50 125.06 8
7018.00 128.75 8
7078.50 139.42 6
7139.00 140.71 7
7199.50 144.14 7
7260.00 141.67 6
7320.50 134.43 7
7381.00 133.00 6
7441.50 135.71 7
7502.00 134.58 6
7562.50 132.36 7
7623.00 135.20 5
7683.50 135.08 6
7744.00 110.10 5
7804.50 85.30 5
7865.00 62.20 5
7925.50 64.00 5
7986.00 73.90 5
8046.50 83.80 5
8107.00 91.10 5
8167.50 97.00 6
8228.00 101.08 6
8288.50 110.42 6
8349.00 114.38 8
8409.50 112.19 8
8470.00 112.79 7
8530.50 113.50 8
8591.00 115.56 8
8651.50 118.88 8
8712.00 123.88 8
8772.50 131.21 7
8833.00 136.14 7
8893.50 132.57 7
8954.00 129.38 8
9014.50 129.25 8
9075.00 126.94 8
9135.50 127.29 7
9196.00 129.31 8
9256.50 134.62 8
9317.00 132.07 7
9377.50 132.93 7
9438.00 135.36 7
9498.50 141.36 7
9559.00 138.57 7
9619.50 128.94 8
9680.00 132.21 7
9740.50 137.57 7
9801.00 134.21 7
9861.50 133.50 7
9922.00 140.36 7
9982.50 135.69 8
10043.00 130.07 7
10103.50 129.79 7
10164.00 131.43 7
10224.50 135.57 7
10285.00 139.43 7
10345.50 135.56 8
10406.00 133.33 6
10466.50 136.93 7
10527.00 126.56 8
10587.50 123.14 7
10648.00 128.75 8
10708.50 131.57 7
10769.00 128.12 8
10829.50 129.00 7
10890.00 131.79 7
10950.50 143.83 6
11011.00 146.10 5
11071.50 139.83 6
11132.00 136.30 5
11192.50 129.42 6
11253.00 118.00 7
11313.50 122.71 7
11374.00 129.36 7
11434.50 130.67 6
11495.00 131.00 7
11555.50 136.64 7
11616.00 139.83 6
11676.50 139.50 7
11737.00 138.00 6
11797.50 137.07 7
11858.00 139.40 5
11918.50 135.83 6
11979.00 133.30 5
12039.50 132.70 5
12100.00 122.36 7
12160.50 113.50 6
12221.00 121.86 7
12281.50 124.56 8
12342.00 129.21 7
12402.50 135.33 6
12463.00 139.93 7
12523.50 138.08 6
12584.00 139.29 7
12644.50 136.07 7
12705.00 135.83 6
12765.50 138.58 6
12826.00 138.42 6
12886.50 137.50 6
12947.00 137.43 7
13007.50 128.00 7
13068.00 122.67 6
13128.50 128.00 7
13189.00 131.79 7
13249.50 131.50 7
13310.00 134.17 6
13370.50 139.33 6
13431.00 130.69 8
13491.50 126.07 7
13552.00 128.19 8
13612.50 133.17 6
13673.00 140.21 7
13733.50 139.00 6
13794.00 137.00 7
13854.50 133.50 7
13915.00 127.50 7
13975.50 128.21 7
14036.00 138.75 6
14096.50 137.36 7
14157.00 134.00 7
14217.50 129.00 7
14278.00 127.44 8
14338.50 130.36 7
14399.00 128.94 8
14459.50 131.29 7
14520.00 133.71 7
14580.50 135.57 7
14641.00 134.19 8
14701.50 138.75 6
14762.00 134.57 7
14822.50 123.71 7
14883.00 127.71 7
14943.50 130.08 6
15004.00 130.64 7
15064.50 132.75 6
15125.00 138.25 6
15185.50 144.42 6
15246.00 142.50 5
15306.50 140.40 5
15367.00 135.33 6
15427.50 121.57 7
15488.00 120.50 7
15548.50 126.36 7
15609.00 128.36 7
15669.50 128.93 7
15730.00 134.00 7
15790.50 134.64 7
15851.00 135.25 8
15911.50 130.29 7
15972.00 131.79 7
16032.50 141.83 6
16093.00 153.17 6
16153.50 148.17 6
16214.00 143.60 5
16274.50 137.58 6
16335.00 125.67 6
16395.50 125.92 6
16456.00 126.50 7
16516.50 127.57 7
16577.00 128.92 6
16637.50 135.17 6
16698.00 127.70 5
16758.50 107.70 5
16819.00 92.30 5
16879.50 81.62 4
16940.00 74.00 5
17000.50 66.12 4
17061.00 60.50 4
17121.50 61.50 4
17182.00 65.50 3
17242.50 86.60 5
17303.00 102.92 6
17363.50 111.64 7
17424.00 118.14 7
17484.50 125.33 6
17545.00 132.71 7
17605.50 135.21 7
17666.00 134.43 7
17726.50 132.08 6
17787.00 132.64 7
17847.50 134.33 6
17908.00 128.57 7
17968.50 123.80 5
18029.00 123.33 6
18089.50 124.90 5
18150.00 130.00 5
18210.50 129.90 5
18271.00 132.10 5
18331.50 131.90 5
18392.00 121.14 7
18452.50 108.64 7
18513.00 123.00 7
18573.50 129.86 7
18634.00 137.00 7
18694.50 140.36 7
18755.00 137.93 7
18815.50 128.69 8
18876.00 122.64 7
18936.50 123.56 8
18997.00 133.44 8
19057.50 139.17 6
19118.00 135.62 8
19178.50 134.83 6
19239.00 134.93 7
19299.50 136.33 6
19360.00 144.17 6
19420.50 132.00 5
19481.00 111.80 5
19541.50 93.00 5
19602.00 78.30 5
19662.50 78.30 5
19723.00 78.30 5
19783.50 79.00 4
19844.00 78.50 5
19904.50 80.00 5
19965.00 94.80 5
20025.50 109.67 6
20086.00 118.43 7
20146.50 121.83 6
20207.00 124.29 7
20267.50 128.43 7
20328.00 130.58 6
20388.50 131.50 7
20449.00 132.92 6
20509.50 130.86 7
20570.00 129.19 8
20630.50 131.29 7
20691.00 135.43 7
20751.50 135.31 8
20812.00 129.64 7
20872.50 132.14 7
20933.00 139.07 7
20993.50 137.43 7
21054.00 135.50 7
21114.50 136.50 7
21175.00 141.00 7
21235.50 129.31 8
21296.00 127.21 7
21356.50 132.36 7
21417.00 137.57 7
21477.50 138.36 7
21538.00 138.43 7
21598.50 136.07 7
